ebin, xs
1.0000e-05, 2.5159e+01
1.0625e-05, 2.4408e+01
1.1250e-05, 2.3720e+01
1.1875e-05, 2.3087e+01
1.2500e-05, 2.2503e+01
1.3750e-05, 2.1456e+01
1.5000e-05, 2.0542e+01
1.6250e-05, 1.9736e+01
1.7500e-05, 1.9018e+01
1.8750e-05, 1.8373e+01
2.0000e-05, 1.7790e+01
2.1875e-05, 1.7010e+01
2.3750e-05, 1.6325e+01
2.5625e-05, 1.5717e+01
2.7500e-05, 1.5171e+01
2.9375e-05, 1.4679e+01
3.1250e-05, 1.4232e+01
3.3125e-05, 1.3823e+01
3.5000e-05, 1.3448e+01
3.8750e-05, 1.2781e+01
4.2500e-05, 1.2204e+01
4.6250e-05, 1.1699e+01
5.0000e-05, 1.1251e+01
5.3125e-05, 1.0915e+01
5.6250e-05, 1.0608e+01
5.9375e-05, 1.0325e+01
6.2500e-05, 1.0064e+01
6.8750e-05, 9.5952e+00
7.5000e-05, 9.1867e+00
8.1250e-05, 8.8263e+00
8.7500e-05, 8.5052e+00
9.3750e-05, 8.2168e+00
1.0000e-04, 7.9559e+00
1.0625e-04, 7.7184e+00
1.1250e-04, 7.5009e+00
1.1875e-04, 7.3009e+00
1.2500e-04, 7.1160e+00
1.3750e-04, 6.7848e+00
1.5000e-04, 6.4960e+00
1.6250e-04, 6.2411e+00
1.7500e-04, 6.0141e+00
1.8750e-04, 5.8102e+00
2.0000e-04, 5.6257e+00
2.1875e-04, 5.3792e+00
2.3750e-04, 5.1625e+00
2.5625e-04, 4.9700e+00
2.7500e-04, 4.7976e+00
2.9375e-04, 4.6420e+00
3.1250e-04, 4.5005e+00
3.3125e-04, 4.3713e+00
3.5000e-04, 4.2526e+00
3.8750e-04, 4.0416e+00
4.2500e-04, 3.8592e+00
4.6250e-04, 3.6994e+00
5.0000e-04, 3.5580e+00
5.3125e-04, 3.4518e+00
5.6250e-04, 3.3545e+00
5.9375e-04, 3.2650e+00
6.2500e-04, 3.1824e+00
6.8750e-04, 3.0343e+00
7.5000e-04, 2.9051e+00
8.1250e-04, 2.7911e+00
8.7500e-04, 2.6896e+00
9.3750e-04, 2.5984e+00
1.0000e-03, 2.5159e+00
1.0625e-03, 2.4408e+00
1.1250e-03, 2.3720e+00
1.1875e-03, 2.3087e+00
1.2500e-03, 2.2503e+00
1.3750e-03, 2.1455e+00
1.5000e-03, 2.0542e+00
1.6250e-03, 1.9736e+00
1.7500e-03, 1.9018e+00
1.8750e-03, 1.8373e+00
2.0000e-03, 1.7790e+00
2.1875e-03, 1.7010e+00
2.3750e-03, 1.6325e+00
2.5625e-03, 1.5716e+00
2.7500e-03, 1.5171e+00
2.9375e-03, 1.4679e+00
3.1250e-03, 1.4232e+00
3.3125e-03, 1.3823e+00
3.5000e-03, 1.3448e+00
3.8750e-03, 1.2781e+00
4.2500e-03, 1.2204e+00
4.6250e-03, 1.1698e+00
5.0000e-03, 1.1251e+00
5.3125e-03, 1.0915e+00
5.6250e-03, 1.0608e+00
5.9375e-03, 1.0325e+00
6.2500e-03, 1.0063e+00
6.8750e-03, 9.5949e-01
7.5000e-03, 9.1864e-01
8.1250e-03, 8.8259e-01
8.7500e-03, 8.5049e-01
9.3750e-03, 8.2164e-01
1.0000e-02, 7.9555e-01
1.0625e-02, 7.7179e-01
1.1250e-02, 7.5004e-01
1.1875e-02, 7.3003e-01
1.2500e-02, 7.1154e-01
1.3750e-02, 6.7841e-01
1.5000e-02, 6.4952e-01
1.6250e-02, 6.2403e-01
1.7500e-02, 6.0131e-01
1.8750e-02, 5.8091e-01
2.0000e-02, 5.6245e-01
2.1325e-02, 5.4468e-01
2.2650e-02, 5.2850e-01
2.3975e-02, 5.1367e-01
2.5300e-02, 5.0002e-01
2.6844e-02, 4.8541e-01
2.8387e-02, 4.7201e-01
2.9931e-02, 4.5966e-01
3.1475e-02, 4.4822e-01
3.4563e-02, 4.2770e-01
3.7650e-02, 4.0975e-01
4.0738e-02, 3.9389e-01
4.3825e-02, 3.7973e-01
4.6913e-02, 3.6699e-01
5.0000e-02, 3.5545e-01
5.3125e-02, 3.4481e-01
5.6250e-02, 3.3508e-01
5.9375e-02, 3.2612e-01
6.2500e-02, 3.1784e-01
6.8750e-02, 3.0301e-01
7.5000e-02, 2.9008e-01
8.1250e-02, 2.7867e-01
8.7500e-02, 2.6850e-01
9.3750e-02, 2.5937e-01
1.0000e-01, 2.5111e-01
1.0625e-01, 2.4360e-01
1.1250e-01, 2.3672e-01
1.1875e-01, 2.3039e-01
1.2500e-01, 2.2455e-01
1.3750e-01, 2.1407e-01
1.5000e-01, 2.0494e-01
1.6250e-01, 1.9688e-01
1.7500e-01, 1.8970e-01
1.8750e-01, 1.8325e-01
2.0000e-01, 1.7741e-01
2.1875e-01, 1.6962e-01
2.3750e-01, 1.6277e-01
2.5625e-01, 1.5668e-01
2.7500e-01, 1.5123e-01
2.9375e-01, 1.4631e-01
3.1250e-01, 1.4184e-01
3.3125e-01, 1.3776e-01
3.5000e-01, 1.3402e-01
3.8750e-01, 1.2736e-01
4.2500e-01, 1.2160e-01
5.0000e-01, 1.1210e-01
6.2500e-01, 1.0024e-01
7.5000e-01, 9.1464e-02
8.7500e-01, 8.4686e-02
1.0000e+00, 7.9220e-02
1.2500e+00, 7.0812e-02
1.5000e+00, 6.4614e-02
1.7500e+00, 5.9826e-02
2.0000e+00, 5.5956e-02
2.3750e+00, 5.1339e-02
2.7500e+00, 4.7713e-02
3.1250e+00, 4.4741e-02
3.5000e+00, 4.2263e-02
4.2500e+00, 3.8335e-02
5.0000e+00, 3.5336e-02
5.5500e+00, 3.3537e-02
6.1000e+00, 3.1983e-02
6.6500e+00, 3.0626e-02
7.2000e+00, 2.9436e-02
8.3000e+00, 2.7415e-02
9.4000e+00, 2.5749e-02
1.0000e+01, 2.4962e-02
1.1250e+01, 2.3534e-02
1.2500e+01, 2.2321e-02
1.5000e+01, 2.0369e-02
1.7500e+01, 1.8855e-02
2.0000e+01, 1.7635e-02
2.3750e+01, 1.6179e-02
2.7500e+01, 1.5034e-02
3.1250e+01, 1.4099e-02
3.5000e+01, 1.3319e-02
4.2500e+01, 1.2083e-02
5.0000e+01, 1.1138e-02
6.2500e+01, 9.9588e-03
7.5000e+01, 9.0884e-03
8.7500e+01, 8.4127e-03
1.0000e+02, 7.8683e-03
1.2500e+02, 7.0350e-03
1.5000e+02, 6.4202e-03
1.7500e+02, 5.9429e-03
2.0000e+02, 5.5582e-03
2.2500e+02, 5.2394e-03
2.5000e+02, 4.9697e-03
2.7500e+02, 4.7378e-03
3.0000e+02, 4.5355e-03
3.2500e+02, 4.3570e-03
3.5000e+02, 4.1982e-03
4.0000e+02, 3.9265e-03
4.5000e+02, 3.7013e-03
5.0000e+02, 3.5108e-03
5.5000e+02, 3.3469e-03
6.0000e+02, 3.2040e-03
6.5000e+02, 3.0781e-03
7.5000e+02, 2.8650e-03
8.5000e+02, 2.6907e-03
9.5000e+02, 2.5447e-03
1.0000e+03, 2.4801e-03
1.1250e+03, 2.3379e-03
1.2500e+03, 2.2176e-03
1.5000e+03, 2.0239e-03
1.7500e+03, 1.8734e-03
2.0000e+03, 1.7521e-03
2.2500e+03, 1.6516e-03
2.5000e+03, 1.5666e-03
2.7500e+03, 1.4935e-03
3.0000e+03, 1.4298e-03
3.2500e+03, 1.3735e-03
3.5000e+03, 1.3235e-03
4.0000e+03, 1.2378e-03
4.5000e+03, 1.1668e-03
5.0000e+03, 1.1068e-03
5.5000e+03, 1.0551e-03
6.0000e+03, 1.0101e-03
6.5000e+03, 9.7035e-04
7.5000e+03, 9.0318e-04
8.5000e+03, 8.4824e-04
9.5000e+03, 8.0223e-04
1.0000e+04, 7.8187e-04
1.1250e+04, 7.3704e-04
1.2500e+04, 6.9912e-04
1.5000e+04, 6.3805e-04
1.7500e+04, 5.9060e-04
2.0000e+04, 5.5236e-04
2.2000e+04, 5.2658e-04
2.4000e+04, 5.0411e-04
2.7000e+04, 4.7520e-04
3.0000e+04, 4.5075e-04
3.7500e+04, 4.0305e-04
4.5000e+04, 3.6784e-04
5.0000e+04, 3.4891e-04
5.1000e+04, 3.4547e-04
5.5000e+04, 3.3263e-04
6.0000e+04, 3.1844e-04
6.5000e+04, 3.0591e-04
7.5000e+04, 2.8474e-04
8.5000e+04, 2.6742e-04
9.5000e+04, 2.5291e-04
1.0000e+05, 2.4649e-04
1.1000e+05, 2.3499e-04
1.2000e+05, 2.2496e-04
1.3500e+05, 2.1206e-04
1.5000e+05, 2.0115e-04
1.7000e+05, 1.8892e-04
1.8000e+05, 1.8358e-04
1.9000e+05, 1.7867e-04
2.0000e+05, 1.7414e-04
2.1000e+05, 1.6993e-04
2.2000e+05, 1.6601e-04
2.3000e+05, 1.6235e-04
2.3500e+05, 1.6061e-04
2.4000e+05, 1.5893e-04
2.4500e+05, 1.5729e-04
2.5000e+05, 1.5571e-04
2.6000e+05, 1.5267e-04
2.7000e+05, 1.4981e-04
2.8000e+05, 1.4711e-04
3.0000e+05, 1.4211e-04
3.2000e+05, 1.3758e-04
3.2500e+05, 1.3652e-04
3.4000e+05, 1.3346e-04
3.5000e+05, 1.3154e-04
3.6000e+05, 1.2969e-04
3.7500e+05, 1.2707e-04
3.8000e+05, 1.2622e-04
4.0000e+05, 1.2302e-04
4.2000e+05, 1.2005e-04
4.2500e+05, 1.1934e-04
4.4000e+05, 1.1728e-04
4.5000e+05, 1.1597e-04
4.6000e+05, 1.1470e-04
4.7500e+05, 1.1287e-04
4.8000e+05, 1.1227e-04
5.0000e+05, 1.1000e-04
5.2000e+05, 1.0560e-04
5.4000e+05, 1.0120e-04
5.6000e+05, 9.6800e-05
5.7000e+05, 9.4600e-05
5.8000e+05, 9.2400e-05
6.0000e+05, 8.8000e-05
6.5000e+05, 7.7000e-05
7.0000e+05, 6.6000e-05
7.5000e+05, 5.5000e-05
7.9071e+05, 4.6043e-05
7.9071e+05, 4.6043e-05
8.0000e+05, 4.4000e-05
8.2000e+05, 3.9600e-05
8.4000e+05, 3.5200e-05
8.5000e+05, 3.3000e-05
8.6000e+05, 3.0800e-05
8.8000e+05, 2.6400e-05
9.0000e+05, 2.2000e-05
9.2000e+05, 1.7600e-05
9.4000e+05, 1.3200e-05
9.5000e+05, 1.1000e-05
9.6000e+05, 8.8000e-06
9.8000e+05, 4.4000e-06
1.0000e+06, 0.0000e+00
1.0500e+06, 0.0000e+00
1.1000e+06, 0.0000e+00
1.1500e+06, 0.0000e+00
1.2000e+06, 0.0000e+00
1.2500e+06, 0.0000e+00
1.3000e+06, 0.0000e+00
1.3500e+06, 0.0000e+00
1.4000e+06, 0.0000e+00
1.4500e+06, 0.0000e+00
1.5000e+06, 0.0000e+00
1.5500e+06, 0.0000e+00
1.6000e+06, 0.0000e+00
1.6200e+06, 0.0000e+00
1.6400e+06, 0.0000e+00
1.6500e+06, 0.0000e+00
1.6600e+06, 0.0000e+00
1.6800e+06, 0.0000e+00
1.7000e+06, 0.0000e+00
1.7200e+06, 0.0000e+00
1.7400e+06, 0.0000e+00
1.7500e+06, 0.0000e+00
1.7600e+06, 0.0000e+00
1.7800e+06, 0.0000e+00
1.8000e+06, 0.0000e+00
1.8200e+06, 0.0000e+00
1.8400e+06, 0.0000e+00
1.8500e+06, 0.0000e+00
1.8600e+06, 0.0000e+00
1.8800e+06, 0.0000e+00
1.9000e+06, 0.0000e+00
1.9150e+06, 0.0000e+00
1.9154e+06, 0.0000e+00
1.9154e+06, 0.0000e+00
1.9200e+06, 0.0000e+00
1.9400e+06, 0.0000e+00
1.9500e+06, 0.0000e+00
1.9600e+06, 0.0000e+00
1.9800e+06, 0.0000e+00
2.0000e+06, 0.0000e+00
2.0200e+06, 0.0000e+00
2.0400e+06, 0.0000e+00
2.0500e+06, 0.0000e+00
2.0600e+06, 0.0000e+00
2.0800e+06, 0.0000e+00
2.1000e+06, 0.0000e+00
2.1200e+06, 0.0000e+00
2.1400e+06, 0.0000e+00
2.1500e+06, 0.0000e+00
2.1600e+06, 0.0000e+00
2.1800e+06, 0.0000e+00
2.2000e+06, 0.0000e+00
2.2200e+06, 0.0000e+00
2.2400e+06, 0.0000e+00
2.2500e+06, 0.0000e+00
2.2600e+06, 0.0000e+00
2.2800e+06, 0.0000e+00
2.3000e+06, 0.0000e+00
2.3200e+06, 0.0000e+00
2.3400e+06, 0.0000e+00
2.3500e+06, 0.0000e+00
2.3600e+06, 0.0000e+00
2.3713e+06, 0.0000e+00
2.3713e+06, 0.0000e+00
2.3800e+06, 0.0000e+00
2.4000e+06, 0.0000e+00
2.4200e+06, 0.0000e+00
2.4400e+06, 0.0000e+00
2.4500e+06, 0.0000e+00
2.4600e+06, 0.0000e+00
2.4800e+06, 0.0000e+00
2.5000e+06, 0.0000e+00
2.5200e+06, 0.0000e+00
2.5400e+06, 0.0000e+00
2.5500e+06, 0.0000e+00
2.5600e+06, 0.0000e+00
2.5800e+06, 0.0000e+00
2.6000e+06, 0.0000e+00
2.6200e+06, 0.0000e+00
2.6400e+06, 0.0000e+00
2.6500e+06, 0.0000e+00
2.6600e+06, 0.0000e+00
2.6800e+06, 0.0000e+00
2.7000e+06, 0.0000e+00
2.7200e+06, 0.0000e+00
2.7400e+06, 0.0000e+00
2.7500e+06, 0.0000e+00
2.7600e+06, 0.0000e+00
2.7800e+06, 0.0000e+00
2.8000e+06, 0.0000e+00
2.8200e+06, 0.0000e+00
2.8400e+06, 0.0000e+00
2.8500e+06, 0.0000e+00
2.8600e+06, 0.0000e+00
2.8800e+06, 0.0000e+00
2.9000e+06, 0.0000e+00
2.9200e+06, 0.0000e+00
2.9400e+06, 0.0000e+00
2.9500e+06, 0.0000e+00
2.9600e+06, 0.0000e+00
2.9800e+06, 0.0000e+00
3.0000e+06, 0.0000e+00
3.0200e+06, 0.0000e+00
3.0400e+06, 0.0000e+00
3.0500e+06, 0.0000e+00
3.0600e+06, 0.0000e+00
3.0800e+06, 0.0000e+00
3.1000e+06, 0.0000e+00
3.1200e+06, 0.0000e+00
3.1400e+06, 0.0000e+00
3.1500e+06, 0.0000e+00
3.1600e+06, 0.0000e+00
3.1800e+06, 0.0000e+00
3.2000e+06, 0.0000e+00
3.2500e+06, 0.0000e+00
3.3000e+06, 0.0000e+00
3.3500e+06, 0.0000e+00
3.4000e+06, 0.0000e+00
3.4200e+06, 0.0000e+00
3.4500e+06, 0.0000e+00
3.4583e+06, 0.0000e+00
3.4583e+06, 0.0000e+00
3.5000e+06, 0.0000e+00
3.5500e+06, 0.0000e+00
3.6000e+06, 0.0000e+00
3.6500e+06, 0.0000e+00
3.7000e+06, 0.0000e+00
3.7500e+06, 0.0000e+00
3.8000e+06, 0.0000e+00
3.8500e+06, 0.0000e+00
3.9000e+06, 0.0000e+00
3.9485e+06, 0.0000e+00
3.9485e+06, 0.0000e+00
3.9500e+06, 0.0000e+00
4.0000e+06, 0.0000e+00
4.0500e+06, 0.0000e+00
4.1000e+06, 0.0000e+00
4.1500e+06, 0.0000e+00
4.2000e+06, 0.0000e+00
4.2500e+06, 0.0000e+00
4.3000e+06, 0.0000e+00
4.3500e+06, 0.0000e+00
4.4000e+06, 0.0000e+00
4.4500e+06, 0.0000e+00
4.5000e+06, 0.0000e+00
4.5500e+06, 0.0000e+00
4.6000e+06, 0.0000e+00
4.6500e+06, 0.0000e+00
4.7000e+06, 0.0000e+00
4.7500e+06, 0.0000e+00
4.8000e+06, 0.0000e+00
4.8003e+06, 0.0000e+00
4.8500e+06, 0.0000e+00
4.9000e+06, 0.0000e+00
4.9500e+06, 0.0000e+00
5.0000e+06, 0.0000e+00
5.1000e+06, 0.0000e+00
5.2000e+06, 0.0000e+00
5.2500e+06, 0.0000e+00
5.2549e+06, 0.0000e+00
5.2549e+06, 0.0000e+00
5.3000e+06, 0.0000e+00
5.4000e+06, 0.0000e+00
5.5000e+06, 0.0000e+00
5.6000e+06, 0.0000e+00
5.6251e+06, 0.0000e+00
5.6251e+06, 0.0000e+00
5.6841e+06, 0.0000e+00
5.6841e+06, 0.0000e+00
5.7000e+06, 0.0000e+00
5.7018e+06, 0.0000e+00
5.7018e+06, 0.0000e+00
5.8000e+06, 0.0000e+00
5.9000e+06, 0.0000e+00
6.0000e+06, 0.0000e+00
6.1000e+06, 0.0000e+00
6.2000e+06, 0.0000e+00
6.3000e+06, 0.0000e+00
6.3096e+06, 0.0000e+00
6.3096e+06, 0.0000e+00
6.3112e+06, 0.0000e+00
6.3112e+06, 0.0000e+00
6.3200e+06, 0.0000e+00
6.4000e+06, 0.0000e+00
6.5000e+06, 0.0000e+00
6.5158e+06, 0.0000e+00
6.5158e+06, 0.0000e+00
6.5527e+06, 0.0000e+00
6.5527e+06, 0.0000e+00
6.6000e+06, 0.0000e+00
6.6319e+06, 0.0000e+00
6.6319e+06, 0.0000e+00
6.6452e+06, 0.0000e+00
6.6452e+06, 0.0000e+00
6.7000e+06, 0.0000e+00
6.7444e+06, 0.0000e+00
6.7444e+06, 0.0000e+00
6.8000e+06, 0.0000e+00
6.8800e+06, 0.0000e+00
6.9000e+06, 0.0000e+00
7.0000e+06, 0.0000e+00
7.1000e+06, 0.0000e+00
7.1550e+06, 0.0000e+00
7.2000e+06, 0.0000e+00
7.3000e+06, 0.0000e+00
7.4000e+06, 0.0000e+00
7.5000e+06, 0.0000e+00
7.6000e+06, 0.0000e+00
7.7000e+06, 0.0000e+00
7.7050e+06, 0.0000e+00
7.7052e+06, 0.0000e+00
7.8000e+06, 0.0000e+00
7.9000e+06, 0.0000e+00
8.0000e+06, 0.0000e+00
8.1000e+06, 0.0000e+00
8.2000e+06, 0.0000e+00
8.2560e+06, 0.0000e+00
8.3000e+06, 0.0000e+00
8.4000e+06, 0.0000e+00
8.5000e+06, 0.0000e+00
8.6000e+06, 0.0000e+00
8.7000e+06, 0.0000e+00
8.8000e+06, 0.0000e+00
8.8060e+06, 0.0000e+00
8.9000e+06, 0.0000e+00
9.0000e+06, 0.0000e+00
9.1000e+06, 0.0000e+00
9.2000e+06, 0.0000e+00
9.3000e+06, 0.0000e+00
9.3560e+06, 0.0000e+00
9.3563e+06, 0.0000e+00
9.4000e+06, 0.0000e+00
9.5000e+06, 0.0000e+00
9.6000e+06, 0.0000e+00
9.7000e+06, 0.0000e+00
9.8000e+06, 0.0000e+00
9.9000e+06, 0.0000e+00
9.9070e+06, 0.0000e+00
1.0000e+07, 0.0000e+00
1.0100e+07, 0.0000e+00
1.0200e+07, 0.0000e+00
1.0400e+07, 0.0000e+00
1.0457e+07, 0.0000e+00
1.0500e+07, 0.0000e+00
1.0600e+07, 0.0000e+00
1.0800e+07, 0.0000e+00
1.1000e+07, 0.0000e+00
1.1007e+07, 0.0000e+00
1.1007e+07, 0.0000e+00
1.1100e+07, 0.0000e+00
1.1200e+07, 0.0000e+00
1.1400e+07, 0.0000e+00
1.1500e+07, 0.0000e+00
1.1558e+07, 0.0000e+00
1.1600e+07, 0.0000e+00
1.1700e+07, 0.0000e+00
1.1800e+07, 0.0000e+00
1.2000e+07, 0.0000e+00
1.2100e+07, 0.0000e+00
1.2108e+07, 0.0000e+00
1.2108e+07, 0.0000e+00
1.2200e+07, 0.0000e+00
1.2300e+07, 0.0000e+00
1.2400e+07, 0.0000e+00
1.2500e+07, 0.0000e+00
1.2600e+07, 0.0000e+00
1.2658e+07, 0.0000e+00
1.2658e+07, 0.0000e+00
1.2700e+07, 0.0000e+00
1.2800e+07, 0.0000e+00
1.3000e+07, 0.0000e+00
1.3200e+07, 0.0000e+00
1.3209e+07, 0.0000e+00
1.3300e+07, 0.0000e+00
1.3400e+07, 0.0000e+00
1.3500e+07, 0.0000e+00
1.3600e+07, 0.0000e+00
1.3700e+07, 0.0000e+00
1.3759e+07, 0.0000e+00
1.3759e+07, 0.0000e+00
1.3800e+07, 0.0000e+00
1.3900e+07, 0.0000e+00
1.4000e+07, 0.0000e+00
1.4200e+07, 0.0000e+00
1.4300e+07, 0.0000e+00
1.4310e+07, 0.0000e+00
1.4400e+07, 0.0000e+00
1.4500e+07, 0.0000e+00
1.4600e+07, 0.0000e+00
1.4800e+07, 0.0000e+00
1.4860e+07, 0.0000e+00
1.4900e+07, 0.0000e+00
1.5000e+07, 0.0000e+00
1.5200e+07, 0.0000e+00
1.5400e+07, 0.0000e+00
1.5410e+07, 0.0000e+00
1.5410e+07, 0.0000e+00
1.5500e+07, 0.0000e+00
1.5600e+07, 0.0000e+00
1.5800e+07, 0.0000e+00
1.5900e+07, 0.0000e+00
1.5961e+07, 0.0000e+00
1.6000e+07, 0.0000e+00
1.6100e+07, 0.0000e+00
1.6200e+07, 0.0000e+00
1.6400e+07, 0.0000e+00
1.6500e+07, 0.0000e+00
1.6511e+07, 0.0000e+00
1.6511e+07, 0.0000e+00
1.6600e+07, 0.0000e+00
1.6700e+07, 0.0000e+00
1.6800e+07, 0.0000e+00
1.7000e+07, 0.0000e+00
1.7061e+07, 0.0000e+00
1.7061e+07, 0.0000e+00
1.7100e+07, 0.0000e+00
1.7200e+07, 0.0000e+00
1.7400e+07, 0.0000e+00
1.7500e+07, 0.0000e+00
1.7600e+07, 0.0000e+00
1.7612e+07, 0.0000e+00
1.7700e+07, 0.0000e+00
1.7800e+07, 0.0000e+00
1.8000e+07, 0.0000e+00
1.8100e+07, 0.0000e+00
1.8162e+07, 0.0000e+00
1.8162e+07, 0.0000e+00
1.8200e+07, 0.0000e+00
1.8300e+07, 0.0000e+00
1.8400e+07, 0.0000e+00
1.8500e+07, 0.0000e+00
1.8600e+07, 0.0000e+00
1.8700e+07, 0.0000e+00
1.8713e+07, 0.0000e+00
1.8800e+07, 0.0000e+00
1.8900e+07, 0.0000e+00
1.9000e+07, 0.0000e+00
1.9200e+07, 0.0000e+00
1.9263e+07, 0.0000e+00
1.9300e+07, 0.0000e+00
1.9400e+07, 0.0000e+00
1.9500e+07, 0.0000e+00
1.9600e+07, 0.0000e+00
1.9800e+07, 0.0000e+00
1.9813e+07, 0.0000e+00
1.9813e+07, 0.0000e+00
1.9900e+07, 0.0000e+00
2.0000e+07, 0.0000e+00
