ebin, xs
1.0000e-05, 1.9423e-01
1.0625e-05, 1.8843e-01
1.1250e-05, 1.8312e-01
1.1875e-05, 1.7823e-01
1.2500e-05, 1.7372e-01
1.3750e-05, 1.6564e-01
1.5000e-05, 1.5858e-01
1.6250e-05, 1.5236e-01
1.7500e-05, 1.4682e-01
1.8750e-05, 1.4184e-01
2.0000e-05, 1.3734e-01
2.1875e-05, 1.3132e-01
2.3750e-05, 1.2603e-01
2.5625e-05, 1.2133e-01
2.7500e-05, 1.1712e-01
2.9375e-05, 1.1332e-01
3.1250e-05, 1.0987e-01
3.3125e-05, 1.0672e-01
3.5000e-05, 1.0382e-01
3.8750e-05, 9.8667e-02
4.2500e-05, 9.4213e-02
4.6250e-05, 9.0313e-02
5.0000e-05, 8.6860e-02
5.3125e-05, 8.4267e-02
5.6250e-05, 8.1893e-02
5.9375e-05, 7.9708e-02
6.2500e-05, 7.7690e-02
6.8750e-05, 7.4075e-02
7.5000e-05, 7.0921e-02
8.1250e-05, 6.8139e-02
8.7500e-05, 6.5660e-02
9.3750e-05, 6.3434e-02
1.0000e-04, 6.1419e-02
1.0625e-04, 5.9586e-02
1.1250e-04, 5.7907e-02
1.1875e-04, 5.6362e-02
1.2500e-04, 5.4935e-02
1.3750e-04, 5.2379e-02
1.5000e-04, 5.0149e-02
1.6250e-04, 4.8181e-02
1.7500e-04, 4.6429e-02
1.8750e-04, 4.4854e-02
2.0000e-04, 4.3430e-02
2.1875e-04, 4.1527e-02
2.3750e-04, 3.9854e-02
2.5625e-04, 3.8368e-02
2.7500e-04, 3.7037e-02
2.9375e-04, 3.5836e-02
3.1250e-04, 3.4744e-02
3.3125e-04, 3.3746e-02
3.5000e-04, 3.2830e-02
3.8750e-04, 3.1201e-02
4.2500e-04, 2.9793e-02
4.6250e-04, 2.8559e-02
5.0000e-04, 2.7468e-02
5.3125e-04, 2.6647e-02
5.6250e-04, 2.5897e-02
5.9375e-04, 2.5206e-02
6.2500e-04, 2.4568e-02
6.8750e-04, 2.3424e-02
7.5000e-04, 2.2427e-02
8.1250e-04, 2.1547e-02
8.7500e-04, 2.0764e-02
9.3750e-04, 2.0059e-02
1.0000e-03, 1.9423e-02
1.0625e-03, 1.8843e-02
1.1250e-03, 1.8312e-02
1.1875e-03, 1.7823e-02
1.2500e-03, 1.7372e-02
1.3750e-03, 1.6564e-02
1.5000e-03, 1.5858e-02
1.6250e-03, 1.5236e-02
1.7500e-03, 1.4682e-02
1.8750e-03, 1.4184e-02
2.0000e-03, 1.3734e-02
2.1875e-03, 1.3132e-02
2.3750e-03, 1.2603e-02
2.5625e-03, 1.2133e-02
2.7500e-03, 1.1712e-02
2.9375e-03, 1.1332e-02
3.1250e-03, 1.0987e-02
3.3125e-03, 1.0671e-02
3.5000e-03, 1.0382e-02
3.8750e-03, 9.8666e-03
4.2500e-03, 9.4212e-03
4.6250e-03, 9.0312e-03
5.0000e-03, 8.6859e-03
5.3125e-03, 8.4266e-03
5.6250e-03, 8.1892e-03
5.9375e-03, 7.9707e-03
6.2500e-03, 7.7689e-03
6.8750e-03, 7.4073e-03
7.5000e-03, 7.0920e-03
8.1250e-03, 6.8137e-03
8.7500e-03, 6.5659e-03
9.3750e-03, 6.3432e-03
1.0000e-02, 6.1418e-03
1.0625e-02, 5.9584e-03
1.1250e-02, 5.7905e-03
1.1875e-02, 5.6361e-03
1.2500e-02, 5.4934e-03
1.3750e-02, 5.2377e-03
1.5000e-02, 5.0147e-03
1.6250e-02, 4.8180e-03
1.7500e-02, 4.6428e-03
1.8750e-02, 4.4853e-03
2.0000e-02, 4.3429e-03
2.1325e-02, 4.2059e-03
2.2650e-02, 4.0810e-03
2.3975e-02, 3.9666e-03
2.5300e-02, 3.8614e-03
2.6844e-02, 3.7487e-03
2.8387e-02, 3.6454e-03
3.1475e-02, 3.4620e-03
3.4563e-02, 3.3037e-03
3.7650e-02, 3.1653e-03
4.0738e-02, 3.0430e-03
4.3825e-02, 2.9338e-03
4.6913e-02, 2.8356e-03
5.0000e-02, 2.7467e-03
5.6250e-02, 2.5896e-03
6.2500e-02, 2.4567e-03
6.8750e-02, 2.3424e-03
7.5000e-02, 2.2427e-03
8.1250e-02, 2.1547e-03
8.7500e-02, 2.0763e-03
1.0000e-01, 1.9421e-03
1.1250e-01, 1.8311e-03
1.2500e-01, 1.7372e-03
1.3750e-01, 1.6564e-03
1.5000e-01, 1.5859e-03
1.6250e-01, 1.5237e-03
1.7500e-01, 1.4682e-03
2.0000e-01, 1.3734e-03
2.1875e-01, 1.3132e-03
2.3750e-01, 1.2603e-03
2.7500e-01, 1.1712e-03
3.1250e-01, 1.0986e-03
3.5000e-01, 1.0382e-03
3.8750e-01, 9.8680e-04
4.2500e-01, 9.4226e-04
5.0000e-01, 8.6883e-04
6.2500e-01, 7.7711e-04
7.5000e-01, 7.0927e-04
8.7500e-01, 6.5685e-04
1.0000e+00, 6.1457e-04
1.2500e+00, 5.4950e-04
1.5000e+00, 5.0152e-04
1.7500e+00, 4.6445e-04
2.0000e+00, 4.3448e-04
2.3750e+00, 3.9872e-04
2.7500e+00, 3.7062e-04
3.5000e+00, 3.2840e-04
4.2500e+00, 2.9796e-04
5.0000e+00, 2.7472e-04
6.2500e+00, 2.4572e-04
7.5000e+00, 2.2428e-04
8.7500e+00, 2.0766e-04
1.0000e+01, 1.9427e-04
1.2500e+01, 1.7373e-04
1.5000e+01, 1.5858e-04
1.7500e+01, 1.4682e-04
2.0000e+01, 1.3734e-04
2.7500e+01, 1.1713e-04
3.5000e+01, 1.0381e-04
4.2500e+01, 9.4200e-05
5.0000e+01, 8.6849e-05
6.2500e+01, 7.7679e-05
7.5000e+01, 7.0907e-05
8.7500e+01, 6.5649e-05
1.0000e+02, 6.1411e-05
1.2500e+02, 5.4924e-05
1.5000e+02, 5.0137e-05
1.7500e+02, 4.6418e-05
2.0000e+02, 4.3421e-05
2.7500e+02, 3.7030e-05
3.5000e+02, 3.2822e-05
4.2500e+02, 2.9784e-05
5.0000e+02, 2.7463e-05
6.2500e+02, 2.5160e-05
7.5000e+02, 2.3426e-05
8.7500e+02, 2.2053e-05
1.0000e+03, 2.0929e-05
1.2500e+03, 1.9148e-05
1.5000e+03, 1.7807e-05
1.7500e+03, 1.6746e-05
2.0000e+03, 1.5879e-05
2.7500e+03, 1.4444e-05
3.5000e+03, 1.3444e-05
4.2500e+03, 1.2690e-05
5.0000e+03, 1.2092e-05
6.2500e+03, 1.1717e-05
7.5000e+03, 1.1419e-05
8.7500e+03, 1.1173e-05
1.0000e+04, 1.0965e-05
1.2500e+04, 1.0911e-05
1.5000e+04, 1.0867e-05
1.7500e+04, 1.0830e-05
2.0000e+04, 1.0798e-05
2.2500e+04, 1.1092e-05
2.5000e+04, 1.1362e-05
2.7500e+04, 1.1612e-05
3.0000e+04, 1.1844e-05
3.2500e+04, 1.2063e-05
3.5000e+04, 1.2269e-05
4.0000e+04, 1.2648e-05
4.5000e+04, 1.2993e-05
5.0000e+04, 1.3309e-05
6.2500e+04, 1.4413e-05
7.5000e+04, 1.5383e-05
8.7500e+04, 1.6254e-05
1.0000e+05, 1.7048e-05
1.2500e+05, 1.8397e-05
1.3000e+05, 1.8645e-05
1.3500e+05, 1.8887e-05
1.4000e+05, 1.9123e-05
1.4250e+05, 1.9239e-05
1.4500e+05, 1.9354e-05
1.5000e+05, 1.9579e-05
1.5100e+05, 1.9624e-05
1.5200e+05, 1.9668e-05
1.5290e+05, 1.9708e-05
1.5400e+05, 1.9756e-05
1.5500e+05, 1.9800e-05
1.5600e+05, 1.9843e-05
1.5800e+05, 1.9930e-05
1.6000e+05, 2.0015e-05
1.6500e+05, 2.0227e-05
1.7000e+05, 2.0434e-05
1.7500e+05, 2.0637e-05
1.8000e+05, 2.0837e-05
2.0000e+05, 2.1600e-05
2.2500e+05, 2.1651e-05
2.5000e+05, 2.1697e-05
2.7500e+05, 2.1738e-05
3.0000e+05, 2.1776e-05
3.2500e+05, 2.1811e-05
3.5000e+05, 2.1843e-05
3.7500e+05, 2.1874e-05
4.0000e+05, 2.1902e-05
4.2500e+05, 2.1929e-05
4.5000e+05, 2.1954e-05
4.7500e+05, 2.1977e-05
5.0000e+05, 2.2000e-05
5.2500e+05, 2.2007e-05
5.5000e+05, 2.2014e-05
5.7500e+05, 2.2020e-05
6.0000e+05, 2.2026e-05
6.2500e+05, 2.2032e-05
6.5000e+05, 2.2038e-05
6.7500e+05, 2.2043e-05
7.0000e+05, 2.2048e-05
7.2500e+05, 2.2054e-05
7.5000e+05, 2.2058e-05
7.7500e+05, 2.2063e-05
8.0000e+05, 2.2068e-05
8.2500e+05, 2.2072e-05
8.5000e+05, 2.2077e-05
8.7500e+05, 2.2081e-05
9.0000e+05, 2.2085e-05
9.2500e+05, 2.2089e-05
9.5000e+05, 2.2093e-05
9.7500e+05, 2.2096e-05
1.0000e+06, 2.2100e-05
1.0500e+06, 2.2101e-05
1.1000e+06, 2.2102e-05
1.1500e+06, 2.2103e-05
1.2000e+06, 2.2104e-05
1.2500e+06, 2.2105e-05
1.3000e+06, 2.2106e-05
1.3500e+06, 2.2107e-05
1.4000e+06, 2.2108e-05
1.4500e+06, 2.2109e-05
1.5000e+06, 2.2109e-05
1.5500e+06, 2.2110e-05
1.6000e+06, 2.2111e-05
1.6500e+06, 2.2112e-05
1.6800e+06, 2.2112e-05
1.7000e+06, 2.2112e-05
1.7100e+06, 2.2113e-05
1.7200e+06, 2.2113e-05
1.7300e+06, 2.2113e-05
1.7360e+06, 2.2113e-05
1.7400e+06, 2.2113e-05
1.7500e+06, 2.2113e-05
1.7600e+06, 2.2113e-05
1.7700e+06, 2.2113e-05
1.7800e+06, 2.2114e-05
1.7900e+06, 2.2114e-05
1.8000e+06, 2.2114e-05
1.8200e+06, 2.2114e-05
1.8500e+06, 2.2114e-05
1.9000e+06, 2.2115e-05
1.9500e+06, 2.2116e-05
2.0000e+06, 2.2116e-05
2.0250e+06, 2.2117e-05
2.0500e+06, 2.2117e-05
2.0550e+06, 2.2117e-05
2.0600e+06, 2.2117e-05
2.0625e+06, 2.2117e-05
2.0650e+06, 2.2117e-05
2.0662e+06, 2.2117e-05
2.0675e+06, 2.2117e-05
2.0688e+06, 2.2117e-05
2.0700e+06, 2.2117e-05
2.0709e+06, 2.2117e-05
2.0718e+06, 2.2117e-05
2.0726e+06, 2.2117e-05
2.0731e+06, 2.2117e-05
2.0735e+06, 2.2117e-05
2.0752e+06, 2.2117e-05
2.0761e+06, 2.2117e-05
2.0770e+06, 2.2117e-05
2.0778e+06, 2.2117e-05
2.0781e+06, 2.2117e-05
2.0785e+06, 2.2117e-05
2.0792e+06, 2.2117e-05
2.0800e+06, 2.2117e-05
2.0812e+06, 2.2117e-05
2.0819e+06, 2.2117e-05
2.0825e+06, 2.2117e-05
2.0831e+06, 2.2117e-05
2.0838e+06, 2.2117e-05
2.0850e+06, 2.2117e-05
2.0862e+06, 2.2117e-05
2.0875e+06, 2.2117e-05
2.0888e+06, 2.2117e-05
2.0900e+06, 2.2117e-05
2.0925e+06, 2.2117e-05
2.0950e+06, 2.2117e-05
2.1000e+06, 2.2117e-05
2.1050e+06, 2.2117e-05
2.1100e+06, 2.2117e-05
2.1200e+06, 2.2118e-05
2.1400e+06, 2.2118e-05
2.1600e+06, 2.2118e-05
2.1800e+06, 2.2118e-05
2.2000e+06, 2.2118e-05
2.2200e+06, 2.2119e-05
2.2400e+06, 2.2119e-05
2.2600e+06, 2.2119e-05
2.2800e+06, 2.2119e-05
2.3000e+06, 2.2120e-05
2.3200e+06, 2.2120e-05
2.3400e+06, 2.2120e-05
2.3600e+06, 2.2120e-05
2.3800e+06, 2.2120e-05
2.4000e+06, 2.2120e-05
2.4200e+06, 2.2121e-05
2.4400e+06, 2.2121e-05
2.4600e+06, 2.2121e-05
2.4800e+06, 2.2121e-05
2.5000e+06, 2.2121e-05
2.5200e+06, 2.2122e-05
2.5400e+06, 2.2122e-05
2.5600e+06, 2.2122e-05
2.5800e+06, 2.2122e-05
2.6000e+06, 2.2122e-05
2.6200e+06, 2.2123e-05
2.6400e+06, 2.2123e-05
2.6600e+06, 2.2123e-05
2.6800e+06, 2.2123e-05
2.7000e+06, 2.2123e-05
2.7200e+06, 2.2123e-05
2.7400e+06, 2.2124e-05
2.7600e+06, 2.2124e-05
2.7800e+06, 2.2124e-05
2.7900e+06, 2.2124e-05
2.8000e+06, 2.2124e-05
2.8050e+06, 2.2124e-05
2.8100e+06, 2.2124e-05
2.8112e+06, 2.2124e-05
2.8119e+06, 2.2124e-05
2.8125e+06, 2.2124e-05
2.8128e+06, 2.2124e-05
2.8130e+06, 2.2124e-05
2.8131e+06, 2.2124e-05
2.8138e+06, 2.2124e-05
2.8139e+06, 2.2124e-05
2.8141e+06, 2.2124e-05
2.8144e+06, 2.2124e-05
2.8147e+06, 2.2124e-05
2.8148e+06, 2.2124e-05
2.8149e+06, 2.2124e-05
2.8150e+06, 2.2124e-05
2.8151e+06, 2.2124e-05
2.8152e+06, 2.2124e-05
2.8153e+06, 2.2124e-05
2.8156e+06, 2.2124e-05
2.8159e+06, 2.2124e-05
2.8160e+06, 2.2124e-05
2.8161e+06, 2.2124e-05
2.8162e+06, 2.2124e-05
2.8169e+06, 2.2124e-05
2.8170e+06, 2.2124e-05
2.8172e+06, 2.2124e-05
2.8175e+06, 2.2124e-05
2.8181e+06, 2.2124e-05
2.8188e+06, 2.2124e-05
2.8200e+06, 2.2124e-05
2.8240e+06, 2.2124e-05
2.8300e+06, 2.2124e-05
2.8400e+06, 2.2124e-05
2.8500e+06, 2.2125e-05
2.8600e+06, 2.2125e-05
2.8700e+06, 2.2125e-05
2.8800e+06, 2.2125e-05
2.8900e+06, 2.2125e-05
2.9000e+06, 2.2125e-05
2.9100e+06, 2.2125e-05
2.9200e+06, 2.2125e-05
2.9300e+06, 2.2125e-05
2.9400e+06, 2.2125e-05
2.9440e+06, 2.2125e-05
2.9480e+06, 2.2125e-05
2.9520e+06, 2.2125e-05
2.9560e+06, 2.2125e-05
2.9600e+06, 2.2125e-05
2.9650e+06, 2.2125e-05
2.9700e+06, 2.2126e-05
2.9750e+06, 2.2126e-05
2.9800e+06, 2.2126e-05
2.9850e+06, 2.2126e-05
2.9875e+06, 2.2126e-05
2.9900e+06, 2.2126e-05
2.9925e+06, 2.2126e-05
2.9950e+06, 2.2126e-05
3.0000e+06, 2.2126e-05
3.0100e+06, 2.2126e-05
3.0200e+06, 2.2126e-05
3.0300e+06, 2.2126e-05
3.0400e+06, 2.2126e-05
3.0500e+06, 2.2126e-05
3.0600e+06, 2.2126e-05
3.0800e+06, 2.2126e-05
3.1000e+06, 2.2126e-05
3.1200e+06, 2.2127e-05
3.1400e+06, 2.2127e-05
3.1600e+06, 2.2127e-05
3.1800e+06, 2.2127e-05
3.2000e+06, 2.2127e-05
3.2200e+06, 2.2127e-05
3.2400e+06, 2.2128e-05
3.2600e+06, 2.2128e-05
3.2800e+06, 2.2128e-05
3.3000e+06, 2.2128e-05
3.3200e+06, 2.2128e-05
3.3400e+06, 2.2128e-05
3.3600e+06, 2.2128e-05
3.3800e+06, 2.2129e-05
3.4000e+06, 2.2129e-05
3.4200e+06, 2.2129e-05
3.4400e+06, 2.2129e-05
3.4600e+06, 2.2129e-05
3.4800e+06, 2.2129e-05
3.5000e+06, 2.2129e-05
3.5200e+06, 2.2129e-05
3.5400e+06, 2.2130e-05
3.5530e+06, 2.2130e-05
3.5600e+06, 2.2130e-05
3.5800e+06, 2.2130e-05
3.6000e+06, 2.2130e-05
3.6200e+06, 2.2130e-05
3.6400e+06, 2.2130e-05
3.6600e+06, 2.2130e-05
3.6800e+06, 2.2131e-05
3.7000e+06, 2.2131e-05
3.7200e+06, 2.2131e-05
3.7400e+06, 2.2131e-05
3.7600e+06, 2.2131e-05
3.7800e+06, 2.2131e-05
3.8000e+06, 2.2131e-05
3.8200e+06, 2.2131e-05
3.8400e+06, 2.2132e-05
3.8600e+06, 2.2132e-05
3.8800e+06, 2.2132e-05
3.9000e+06, 2.2132e-05
3.9200e+06, 2.2132e-05
3.9400e+06, 2.2132e-05
3.9600e+06, 2.2132e-05
3.9800e+06, 2.2132e-05
4.0000e+06, 2.2132e-05
4.0100e+06, 2.2133e-05
4.0200e+06, 2.2133e-05
4.0300e+06, 2.2133e-05
4.0400e+06, 2.2133e-05
4.0500e+06, 2.2133e-05
4.0600e+06, 2.2133e-05
4.0700e+06, 2.2133e-05
4.0800e+06, 2.2133e-05
4.0900e+06, 2.2133e-05
4.1000e+06, 2.2133e-05
4.1100e+06, 2.2133e-05
4.1200e+06, 2.2133e-05
4.1300e+06, 2.2133e-05
4.1400e+06, 2.2133e-05
4.1500e+06, 2.2133e-05
4.1600e+06, 2.2133e-05
4.1700e+06, 2.2133e-05
4.1800e+06, 2.2134e-05
4.1900e+06, 2.2134e-05
4.2000e+06, 2.2134e-05
4.2100e+06, 2.2134e-05
4.2200e+06, 2.2134e-05
4.2300e+06, 2.2134e-05
4.2400e+06, 2.2134e-05
4.2500e+06, 2.2134e-05
4.2600e+06, 2.2134e-05
4.2700e+06, 2.2134e-05
4.2800e+06, 2.2134e-05
4.2900e+06, 2.2134e-05
4.3000e+06, 2.2134e-05
4.3100e+06, 2.2134e-05
4.3200e+06, 2.2134e-05
4.3300e+06, 2.2134e-05
4.3400e+06, 2.2134e-05
4.3500e+06, 2.2134e-05
4.3600e+06, 2.2134e-05
4.3700e+06, 2.2135e-05
4.3800e+06, 2.2135e-05
4.3900e+06, 2.2135e-05
4.4000e+06, 2.2135e-05
4.4200e+06, 2.2135e-05
4.4400e+06, 2.2135e-05
4.4600e+06, 2.2135e-05
4.4800e+06, 2.2135e-05
4.5000e+06, 2.2135e-05
4.5200e+06, 2.2135e-05
4.5400e+06, 2.2135e-05
4.5600e+06, 2.2136e-05
4.5800e+06, 2.2136e-05
4.6000e+06, 2.2136e-05
4.6200e+06, 2.2136e-05
4.6400e+06, 2.2136e-05
4.6600e+06, 2.2136e-05
4.6800e+06, 2.2136e-05
4.7000e+06, 2.2136e-05
4.7200e+06, 2.2136e-05
4.7400e+06, 2.2136e-05
4.7600e+06, 2.2137e-05
4.7800e+06, 2.2137e-05
4.8000e+06, 2.2137e-05
4.8100e+06, 2.2137e-05
4.8120e+06, 2.2137e-05
4.8121e+06, 2.2137e-05
4.8200e+06, 2.2137e-05
4.8500e+06, 2.2137e-05
4.8999e+06, 2.2137e-05
4.9000e+06, 2.2137e-05
4.9194e+06, 2.2137e-05
4.9200e+06, 2.2137e-05
4.9300e+06, 2.2137e-05
4.9345e+06, 2.2137e-05
4.9355e+06, 2.2137e-05
4.9367e+06, 2.2137e-05
4.9385e+06, 2.2137e-05
4.9395e+06, 2.2137e-05
4.9400e+06, 2.2137e-05
4.9432e+06, 2.2137e-05
4.9481e+06, 2.2137e-05
4.9500e+06, 2.2137e-05
4.9546e+06, 2.2137e-05
4.9584e+06, 2.2137e-05
4.9800e+06, 2.2138e-05
4.9900e+06, 2.2138e-05
5.0000e+06, 2.2138e-05
5.0010e+06, 2.2144e-05
5.0300e+06, 2.2337e-05
5.0530e+06, 2.2489e-05
5.1000e+06, 2.2803e-05
5.1200e+06, 2.2937e-05
5.1500e+06, 2.3138e-05
5.1800e+06, 2.3340e-05
5.2000e+06, 2.3474e-05
5.2300e+06, 2.3677e-05
5.2800e+06, 2.4016e-05
5.3000e+06, 2.4152e-05
5.3300e+06, 2.4357e-05
5.3350e+06, 2.4391e-05
5.3400e+06, 2.4425e-05
5.3600e+06, 2.4562e-05
5.3620e+06, 2.4576e-05
5.3700e+06, 2.4631e-05
5.3710e+06, 2.4638e-05
5.3780e+06, 2.4686e-05
5.3800e+06, 2.4699e-05
5.3900e+06, 2.4768e-05
5.4000e+06, 2.4837e-05
5.4100e+06, 2.4905e-05
5.4200e+06, 2.4974e-05
5.4300e+06, 2.5043e-05
5.4400e+06, 2.5112e-05
5.4600e+06, 2.5250e-05
5.4747e+06, 2.5352e-05
5.5000e+06, 2.5706e-05
5.5500e+06, 2.6416e-05
5.5530e+06, 2.6459e-05
5.6000e+06, 2.7139e-05
5.6500e+06, 2.7875e-05
5.7000e+06, 2.8624e-05
5.8000e+06, 3.0163e-05
5.9000e+06, 3.1755e-05
6.0000e+06, 3.3403e-05
6.0500e+06, 3.4122e-05
6.0530e+06, 3.4165e-05
6.1250e+06, 3.5217e-05
6.1600e+06, 3.5735e-05
6.1740e+06, 3.5944e-05
6.1800e+06, 3.6033e-05
6.1812e+06, 3.6051e-05
6.1812e+06, 3.6052e-05
6.1900e+06, 3.6183e-05
6.2000e+06, 3.6333e-05
6.2100e+06, 3.6483e-05
6.2200e+06, 3.6634e-05
6.2300e+06, 3.6785e-05
6.2400e+06, 3.6937e-05
6.2500e+06, 3.7089e-05
6.2850e+06, 3.7624e-05
6.2950e+06, 3.7777e-05
6.3030e+06, 3.7901e-05
6.3100e+06, 3.8009e-05
6.3200e+06, 3.8163e-05
6.3300e+06, 3.8318e-05
6.3400e+06, 3.8474e-05
6.3500e+06, 3.8629e-05
6.3600e+06, 3.8786e-05
6.3700e+06, 3.8942e-05
6.3900e+06, 3.9256e-05
6.4000e+06, 3.9414e-05
6.4100e+06, 3.9572e-05
6.4200e+06, 3.9731e-05
6.4300e+06, 3.9890e-05
6.4400e+06, 4.0049e-05
6.4500e+06, 4.0209e-05
6.4700e+06, 4.0529e-05
6.4900e+06, 4.0851e-05
6.5100e+06, 4.1174e-05
6.5400e+06, 4.1663e-05
6.5530e+06, 4.1875e-05
6.5581e+06, 4.1959e-05
6.5600e+06, 4.1998e-05
6.5700e+06, 4.2204e-05
6.5800e+06, 4.2411e-05
6.5900e+06, 4.2618e-05
6.6000e+06, 4.2826e-05
6.6200e+06, 4.3244e-05
6.6400e+06, 4.3665e-05
6.6580e+06, 4.4046e-05
6.6650e+06, 4.4195e-05
6.6700e+06, 4.4301e-05
6.6800e+06, 4.4515e-05
6.7000e+06, 4.4944e-05
6.7500e+06, 4.6030e-05
6.8100e+06, 4.7357e-05
6.9200e+06, 4.9857e-05
7.0000e+06, 5.1731e-05
7.0530e+06, 5.2821e-05
7.1000e+06, 5.3800e-05
7.1400e+06, 5.4641e-05
7.1800e+06, 5.5492e-05
7.2000e+06, 5.5920e-05
7.2200e+06, 5.6350e-05
7.2250e+06, 5.6458e-05
7.2500e+06, 5.7000e-05
7.2700e+06, 5.7436e-05
7.2800e+06, 5.7654e-05
7.3400e+06, 5.8977e-05
7.3500e+06, 5.9200e-05
7.3600e+06, 5.9423e-05
7.3700e+06, 5.9646e-05
7.4000e+06, 6.0319e-05
7.4200e+06, 6.0771e-05
7.4700e+06, 6.1910e-05
7.5290e+06, 6.3271e-05
7.5420e+06, 6.3573e-05
7.5530e+06, 6.3830e-05
7.5940e+06, 6.4792e-05
7.6200e+06, 6.5407e-05
7.6414e+06, 6.5916e-05
7.6500e+06, 6.6090e-05
7.6670e+06, 6.6436e-05
7.6800e+06, 6.6700e-05
7.6980e+06, 6.7068e-05
7.7000e+06, 6.7109e-05
7.7250e+06, 6.7622e-05
7.7450e+06, 6.8033e-05
7.7500e+06, 6.8137e-05
7.7700e+06, 6.8550e-05
7.7890e+06, 6.8944e-05
7.8100e+06, 6.9382e-05
7.8190e+06, 6.9569e-05
7.8600e+06, 7.0429e-05
7.8864e+06, 7.0986e-05
7.8864e+06, 7.0987e-05
7.8880e+06, 7.1020e-05
7.8970e+06, 7.1210e-05
7.9300e+06, 7.1911e-05
7.9360e+06, 7.2038e-05
8.0000e+06, 7.3410e-05
8.0050e+06, 7.3509e-05
8.0100e+06, 7.3608e-05
8.0140e+06, 7.3688e-05
8.0440e+06, 7.4286e-05
8.0530e+06, 7.4466e-05
8.0790e+06, 7.4987e-05
8.0800e+06, 7.5007e-05
8.1000e+06, 7.5409e-05
8.1010e+06, 7.5429e-05
8.1050e+06, 7.5510e-05
8.1090e+06, 7.5590e-05
8.1200e+06, 7.5812e-05
8.1310e+06, 7.6035e-05
8.1380e+06, 7.6176e-05
8.1600e+06, 7.6622e-05
8.1660e+06, 7.6744e-05
8.2000e+06, 7.7437e-05
8.2100e+06, 7.7642e-05
8.2180e+06, 7.7805e-05
8.2400e+06, 7.8257e-05
8.2800e+06, 7.9081e-05
8.2958e+06, 7.9407e-05
8.2962e+06, 7.9416e-05
8.2962e+06, 7.9416e-05
8.3200e+06, 7.9909e-05
8.3300e+06, 8.0117e-05
8.3910e+06, 8.1392e-05
8.4000e+06, 8.1581e-05
8.4260e+06, 8.2128e-05
8.4480e+06, 8.2592e-05
8.4500e+06, 8.2635e-05
8.4800e+06, 8.3270e-05
8.4995e+06, 8.3685e-05
8.5000e+06, 8.3696e-05
8.5200e+06, 8.4122e-05
8.5530e+06, 8.4829e-05
8.6000e+06, 8.5840e-05
8.6110e+06, 8.6078e-05
8.6640e+06, 8.7228e-05
8.7000e+06, 8.8014e-05
8.7080e+06, 8.8189e-05
8.7247e+06, 8.8556e-05
8.7500e+06, 8.8522e-05
8.7680e+06, 8.8497e-05
8.8000e+06, 8.8453e-05
8.8330e+06, 8.8409e-05
8.8500e+06, 8.8386e-05
8.8850e+06, 8.8339e-05
8.9200e+06, 8.8292e-05
8.9400e+06, 8.8265e-05
8.9800e+06, 8.8212e-05
9.0000e+06, 8.8185e-05
9.0050e+06, 8.8178e-05
9.0200e+06, 8.8157e-05
9.0300e+06, 8.8143e-05
9.0450e+06, 8.8122e-05
9.0530e+06, 8.8110e-05
9.0670e+06, 8.8091e-05
9.0800e+06, 8.8073e-05
9.1490e+06, 8.7976e-05
9.1630e+06, 8.7957e-05
9.1800e+06, 8.7933e-05
9.2190e+06, 8.7880e-05
9.2500e+06, 8.7837e-05
9.2540e+06, 8.7832e-05
9.3000e+06, 8.7769e-05
9.3600e+06, 8.7687e-05
9.4000e+06, 8.7633e-05
9.4500e+06, 8.7566e-05
9.5000e+06, 8.7500e-05
9.5220e+06, 8.7470e-05
9.5530e+06, 8.7429e-05
9.5600e+06, 8.7420e-05
9.5900e+06, 8.7381e-05
9.6000e+06, 8.7367e-05
9.6300e+06, 8.7328e-05
9.6400e+06, 8.7315e-05
9.6780e+06, 8.7265e-05
9.6800e+06, 8.7263e-05
9.6920e+06, 8.7247e-05
9.7000e+06, 8.7237e-05
9.7260e+06, 8.7203e-05
9.7400e+06, 8.7185e-05
9.7500e+06, 8.7172e-05
9.8000e+06, 8.7108e-05
9.8081e+06, 8.7097e-05
9.8210e+06, 8.6938e-05
9.8300e+06, 8.6827e-05
9.8680e+06, 8.6362e-05
9.9000e+06, 8.5974e-05
9.9170e+06, 8.5769e-05
9.9210e+06, 8.5721e-05
1.0000e+07, 8.4780e-05
1.0050e+07, 8.4110e-05
1.0053e+07, 8.4070e-05
1.0170e+07, 8.2537e-05
1.0250e+07, 8.1515e-05
1.0300e+07, 8.0887e-05
1.0372e+07, 7.9996e-05
1.0400e+07, 7.9654e-05
1.0448e+07, 7.9073e-05
1.0448e+07, 7.9072e-05
1.0478e+07, 7.8713e-05
1.0500e+07, 7.8451e-05
1.0506e+07, 7.8380e-05
1.0536e+07, 7.8025e-05
1.0550e+07, 7.7860e-05
1.0553e+07, 7.7825e-05
1.0620e+07, 7.7046e-05
1.0690e+07, 7.6245e-05
1.0700e+07, 7.6132e-05
1.0750e+07, 7.5570e-05
1.0800e+07, 7.5014e-05
1.0830e+07, 7.4684e-05
1.0891e+07, 7.4015e-05
1.0900e+07, 7.3914e-05
1.0940e+07, 7.3443e-05
1.1000e+07, 7.2746e-05
1.1004e+07, 7.2693e-05
1.1053e+07, 7.2048e-05
1.1096e+07, 7.1488e-05
1.1100e+07, 7.1437e-05
1.1166e+07, 7.0592e-05
1.1170e+07, 7.0541e-05
1.1250e+07, 6.9538e-05
1.1300e+07, 6.8922e-05
1.1400e+07, 6.7714e-05
1.1500e+07, 6.6538e-05
1.1553e+07, 6.5927e-05
1.1708e+07, 6.4187e-05
1.1750e+07, 6.3727e-05
1.1751e+07, 6.3717e-05
1.1800e+07, 6.3187e-05
1.1828e+07, 6.2887e-05
1.1900e+07, 6.2126e-05
1.1909e+07, 6.2032e-05
1.1917e+07, 6.1948e-05
1.1975e+07, 6.1350e-05
1.2000e+07, 6.1097e-05
1.2050e+07, 6.0531e-05
1.2053e+07, 6.0498e-05
1.2088e+07, 6.0107e-05
1.2100e+07, 5.9973e-05
1.2196e+07, 5.8923e-05
1.2224e+07, 5.8621e-05
1.2250e+07, 5.8343e-05
1.2300e+07, 5.7814e-05
1.2400e+07, 5.6776e-05
1.2500e+07, 5.5765e-05
1.2553e+07, 5.5240e-05
1.2599e+07, 5.4790e-05
1.2700e+07, 5.3820e-05
1.2738e+07, 5.3461e-05
1.2792e+07, 5.2958e-05
1.2900e+07, 5.1971e-05
1.2990e+07, 5.1169e-05
1.3000e+07, 5.1081e-05
1.3053e+07, 5.0550e-05
1.3058e+07, 5.0499e-05
1.3100e+07, 5.1331e-05
1.3120e+07, 5.1731e-05
1.3250e+07, 5.4397e-05
1.3280e+07, 5.5028e-05
1.3300e+07, 5.5451e-05
1.3500e+07, 5.9834e-05
1.3521e+07, 6.0305e-05
1.3540e+07, 6.0689e-05
1.3553e+07, 6.0950e-05
1.3587e+07, 6.1636e-05
1.3646e+07, 6.2841e-05
1.3700e+07, 6.3960e-05
1.3767e+07, 6.5369e-05
1.3767e+07, 6.5378e-05
1.3822e+07, 6.6545e-05
1.3830e+07, 6.6717e-05
1.3965e+07, 6.9677e-05
1.4000e+07, 7.0460e-05
1.4053e+07, 7.1573e-05
1.4141e+07, 7.3457e-05
1.4182e+07, 7.5004e-05
1.4250e+07, 7.7656e-05
1.4364e+07, 8.2286e-05
1.4419e+07, 8.4603e-05
1.4472e+07, 8.6889e-05
1.4500e+07, 8.8118e-05
1.4553e+07, 9.0485e-05
1.4564e+07, 9.1001e-05
1.4566e+07, 9.1063e-05
1.4653e+07, 9.4457e-05
1.4694e+07, 9.6093e-05
1.4750e+07, 9.8366e-05
1.4767e+07, 9.9065e-05
1.4807e+07, 1.0073e-04
1.4812e+07, 1.0093e-04
1.4837e+07, 1.0199e-04
1.4863e+07, 1.0309e-04
1.4887e+07, 1.0412e-04
1.4888e+07, 1.0416e-04
1.4892e+07, 1.0433e-04
1.4906e+07, 1.0494e-04
1.4909e+07, 1.0507e-04
1.4927e+07, 1.0585e-04
1.4954e+07, 1.0703e-04
1.4962e+07, 1.0738e-04
1.4996e+07, 1.0889e-04
1.5000e+07, 1.0907e-04
1.5006e+07, 1.0931e-04
1.5045e+07, 1.1089e-04
1.5053e+07, 1.1121e-04
1.5093e+07, 1.1285e-04
1.5225e+07, 1.1839e-04
1.5248e+07, 1.1945e-04
1.5263e+07, 1.2014e-04
1.5263e+07, 1.2016e-04
1.5448e+07, 1.2888e-04
1.5477e+07, 1.3030e-04
1.5500e+07, 1.3143e-04
1.5553e+07, 1.3407e-04
1.5731e+07, 1.4327e-04
1.5966e+07, 1.5621e-04
1.5970e+07, 1.5643e-04
1.5990e+07, 1.5758e-04
1.6000e+07, 1.5816e-04
1.6053e+07, 1.6079e-04
1.6068e+07, 1.6154e-04
1.6256e+07, 1.7120e-04
1.6308e+07, 1.7396e-04
1.6347e+07, 1.7546e-04
1.6347e+07, 1.7547e-04
1.6443e+07, 1.7919e-04
1.6500e+07, 1.8144e-04
1.6532e+07, 1.8270e-04
1.6553e+07, 1.8354e-04
1.6695e+07, 1.8927e-04
1.6820e+07, 1.9441e-04
1.6824e+07, 1.9458e-04
1.6974e+07, 2.0089e-04
1.7000e+07, 2.0200e-04
1.7053e+07, 2.0410e-04
1.7074e+07, 2.0494e-04
1.7138e+07, 2.0750e-04
1.7298e+07, 2.1400e-04
1.7298e+07, 2.1401e-04
1.7300e+07, 2.1409e-04
1.7301e+07, 2.1413e-04
1.7391e+07, 2.1787e-04
1.7431e+07, 2.1847e-04
1.7432e+07, 2.1848e-04
1.7467e+07, 2.1903e-04
1.7500e+07, 2.1953e-04
1.7553e+07, 2.2035e-04
1.7616e+07, 2.2132e-04
1.7687e+07, 2.2242e-04
1.7900e+07, 2.2570e-04
1.7901e+07, 2.2572e-04
1.8000e+07, 2.2725e-04
1.8053e+07, 2.2807e-04
1.8087e+07, 2.2859e-04
1.8158e+07, 2.2968e-04
1.8273e+07, 2.3146e-04
1.8460e+07, 2.3435e-04
1.8475e+07, 2.3457e-04
1.8500e+07, 2.3445e-04
1.8516e+07, 2.3437e-04
1.8553e+07, 2.3419e-04
1.8632e+07, 2.3380e-04
1.8700e+07, 2.3347e-04
1.8833e+07, 2.3283e-04
1.9000e+07, 2.3203e-04
1.9030e+07, 2.3188e-04
1.9034e+07, 2.3186e-04
1.9053e+07, 2.3177e-04
1.9185e+07, 2.3112e-04
1.9346e+07, 2.3034e-04
1.9500e+07, 2.2961e-04
1.9511e+07, 2.2955e-04
1.9553e+07, 2.2935e-04
1.9558e+07, 2.2933e-04
1.9600e+07, 2.2815e-04
1.9661e+07, 2.2646e-04
1.9794e+07, 2.2282e-04
1.9892e+07, 2.2020e-04
2.0000e+07, 2.1735e-04
2.0000e+07, 2.1127e-04
2.0295e+07, 2.1079e-04
2.1000e+07, 2.0965e-04
2.2000e+07, 2.0803e-04
2.3000e+07, 2.0641e-04
2.4000e+07, 2.0480e-04
2.4279e+07, 2.0435e-04
2.4487e+07, 2.0401e-04
2.5000e+07, 2.0318e-04
2.6000e+07, 2.0156e-04
2.7000e+07, 1.9994e-04
2.7059e+07, 1.9985e-04
2.7304e+07, 1.9945e-04
2.8000e+07, 1.9833e-04
2.8473e+07, 1.9756e-04
2.8923e+07, 1.9683e-04
2.9000e+07, 1.9671e-04
3.0000e+07, 1.9509e-04
3.1000e+07, 1.9348e-04
3.2000e+07, 1.9186e-04
3.2138e+07, 1.9163e-04
3.3000e+07, 1.9024e-04
3.4000e+07, 1.8862e-04
3.4518e+07, 1.8778e-04
3.5000e+07, 1.8701e-04
3.5092e+07, 1.8686e-04
3.6000e+07, 1.8539e-04
3.7000e+07, 1.8377e-04
3.8000e+07, 1.8215e-04
3.9000e+07, 1.8054e-04
4.0000e+07, 1.7892e-04
4.1000e+07, 1.7730e-04
4.2000e+07, 1.7568e-04
4.3000e+07, 1.7407e-04
4.4000e+07, 1.7245e-04
4.5000e+07, 1.7083e-04
4.6000e+07, 1.6921e-04
4.7000e+07, 1.6760e-04
4.8000e+07, 1.6598e-04
4.9000e+07, 1.6436e-04
5.0000e+07, 1.6274e-04
5.1000e+07, 1.6113e-04
5.2000e+07, 1.5951e-04
5.3000e+07, 1.5789e-04
5.4000e+07, 1.5627e-04
5.5000e+07, 1.5466e-04
5.6000e+07, 1.5304e-04
5.6587e+07, 1.5209e-04
5.7000e+07, 1.5142e-04
5.7594e+07, 1.5046e-04
5.8000e+07, 1.4980e-04
5.9000e+07, 1.4819e-04
6.0000e+07, 1.4657e-04
6.1000e+07, 1.4495e-04
6.2000e+07, 1.4333e-04
6.3000e+07, 1.4172e-04
6.4000e+07, 1.4010e-04
6.5000e+07, 1.3848e-04
6.6000e+07, 1.3686e-04
6.7000e+07, 1.3525e-04
6.8000e+07, 1.3363e-04
6.9000e+07, 1.3201e-04
7.0000e+07, 1.3040e-04
7.1000e+07, 1.2878e-04
7.2000e+07, 1.2716e-04
7.3000e+07, 1.2554e-04
7.4000e+07, 1.2393e-04
7.5000e+07, 1.2231e-04
7.6000e+07, 1.2069e-04
7.7000e+07, 1.1907e-04
7.8000e+07, 1.1746e-04
7.9000e+07, 1.1584e-04
8.0000e+07, 1.1422e-04
8.1000e+07, 1.1260e-04
8.2000e+07, 1.1099e-04
8.3000e+07, 1.0937e-04
8.4000e+07, 1.0775e-04
8.5000e+07, 1.0613e-04
8.6000e+07, 1.0452e-04
8.7000e+07, 1.0290e-04
8.8000e+07, 1.0128e-04
8.9000e+07, 9.9664e-05
9.0000e+07, 9.8046e-05
9.1000e+07, 9.6429e-05
9.2000e+07, 9.4811e-05
9.3000e+07, 9.3194e-05
9.4000e+07, 9.1577e-05
9.5000e+07, 8.9959e-05
9.6000e+07, 8.8342e-05
9.7000e+07, 8.6724e-05
9.8000e+07, 8.5107e-05
9.9000e+07, 8.3489e-05
1.0000e+08, 8.1872e-05
1.0200e+08, 7.8637e-05
1.0400e+08, 7.5402e-05
1.0600e+08, 7.2167e-05
1.0800e+08, 6.8932e-05
1.1000e+08, 6.5698e-05
1.1200e+08, 6.2463e-05
1.1400e+08, 5.9228e-05
1.1600e+08, 5.5993e-05
1.1800e+08, 5.2758e-05
1.2000e+08, 4.9523e-05
1.2200e+08, 4.6288e-05
1.2400e+08, 4.3053e-05
1.2600e+08, 3.9819e-05
1.2800e+08, 3.6584e-05
1.3000e+08, 3.3349e-05
1.3200e+08, 3.0114e-05
1.3400e+08, 2.6879e-05
1.3600e+08, 2.3644e-05
1.3800e+08, 2.0409e-05
1.4000e+08, 1.7174e-05
1.4200e+08, 1.3940e-05
1.4400e+08, 1.0705e-05
1.4600e+08, 7.4698e-06
1.4800e+08, 4.2349e-06
1.5000e+08, 1.0000e-06
