ebin, xs
1.0000e-05, 2.8513e+04
1.0625e-05, 2.7662e+04
1.1250e-05, 2.6882e+04
1.1875e-05, 2.6165e+04
1.2500e-05, 2.5503e+04
1.3750e-05, 2.4316e+04
1.5000e-05, 2.3281e+04
1.6250e-05, 2.2367e+04
1.7500e-05, 2.1554e+04
1.8750e-05, 2.0823e+04
2.0000e-05, 2.0162e+04
2.1875e-05, 1.9278e+04
2.3750e-05, 1.8501e+04
2.5625e-05, 1.7812e+04
2.7500e-05, 1.7194e+04
2.9375e-05, 1.6636e+04
3.1250e-05, 1.6129e+04
3.3125e-05, 1.5666e+04
3.5000e-05, 1.5240e+04
3.8750e-05, 1.4484e+04
4.2500e-05, 1.3830e+04
4.6250e-05, 1.3258e+04
5.0000e-05, 1.2751e+04
5.3125e-05, 1.2370e+04
5.6250e-05, 1.2022e+04
5.9375e-05, 1.1701e+04
6.2500e-05, 1.1405e+04
6.8750e-05, 1.0874e+04
7.5000e-05, 1.0411e+04
8.1250e-05, 1.0002e+04
8.7500e-05, 9.6383e+03
9.3750e-05, 9.3114e+03
1.0000e-04, 9.0157e+03
1.0625e-04, 8.7464e+03
1.1250e-04, 8.4999e+03
1.1875e-04, 8.2731e+03
1.2500e-04, 8.0636e+03
1.3750e-04, 7.6882e+03
1.5000e-04, 7.3608e+03
1.6250e-04, 7.0719e+03
1.7500e-04, 6.8146e+03
1.8750e-04, 6.5834e+03
2.0000e-04, 6.3742e+03
2.1875e-04, 6.0948e+03
2.3750e-04, 5.8491e+03
2.5625e-04, 5.6309e+03
2.7500e-04, 5.4355e+03
2.9375e-04, 5.2590e+03
3.1250e-04, 5.0987e+03
3.3125e-04, 4.9522e+03
3.5000e-04, 4.8176e+03
3.8750e-04, 4.5783e+03
4.2500e-04, 4.3715e+03
4.6250e-04, 4.1903e+03
5.0000e-04, 4.0299e+03
5.3125e-04, 3.9094e+03
5.6250e-04, 3.7991e+03
5.9375e-04, 3.6977e+03
6.2500e-04, 3.6039e+03
6.8750e-04, 3.4359e+03
7.5000e-04, 3.2894e+03
8.1250e-04, 3.1601e+03
8.7500e-04, 3.0449e+03
9.3750e-04, 2.9414e+03
1.0000e-03, 2.8478e+03
1.0625e-03, 2.7626e+03
1.1250e-03, 2.6845e+03
1.1875e-03, 2.6127e+03
1.2500e-03, 2.5464e+03
1.3750e-03, 2.4275e+03
1.5000e-03, 2.3238e+03
1.6250e-03, 2.2323e+03
1.7500e-03, 2.1507e+03
1.8750e-03, 2.0775e+03
2.0000e-03, 2.0112e+03
2.1875e-03, 1.9226e+03
2.3750e-03, 1.8448e+03
2.5625e-03, 1.7756e+03
2.7500e-03, 1.7136e+03
2.9375e-03, 1.6576e+03
3.1250e-03, 1.6068e+03
3.3125e-03, 1.5603e+03
3.5000e-03, 1.5175e+03
3.8750e-03, 1.4416e+03
4.2500e-03, 1.3759e+03
4.6250e-03, 1.3183e+03
5.0000e-03, 1.2673e+03
5.3125e-03, 1.2290e+03
5.6250e-03, 1.1939e+03
5.9375e-03, 1.1616e+03
6.2500e-03, 1.1318e+03
6.8750e-03, 1.0783e+03
7.5000e-03, 1.0315e+03
8.1250e-03, 9.9030e+02
8.7500e-03, 9.5352e+02
9.3750e-03, 9.2046e+02
1.0000e-02, 8.9053e+02
1.0625e-02, 8.6328e+02
1.1250e-02, 8.3833e+02
1.1875e-02, 8.1537e+02
1.2500e-02, 7.9413e+02
1.3750e-02, 7.5605e+02
1.5000e-02, 7.2275e+02
1.6250e-02, 6.9332e+02
1.7500e-02, 6.6706e+02
1.8750e-02, 6.4343e+02
2.0000e-02, 6.2204e+02
2.1325e-02, 6.0142e+02
2.2650e-02, 5.8262e+02
2.3975e-02, 5.6538e+02
2.5300e-02, 5.4949e+02
2.6844e-02, 5.3247e+02
2.8387e-02, 5.1684e+02
2.9931e-02, 5.0243e+02
3.1475e-02, 4.8908e+02
3.3791e-02, 4.7075e+02
3.6106e-02, 4.5416e+02
3.8422e-02, 4.3903e+02
4.0738e-02, 4.2519e+02
4.3053e-02, 4.1244e+02
4.5369e-02, 4.0067e+02
5.0000e-02, 3.7957e+02
5.3125e-02, 3.6689e+02
5.6250e-02, 3.5525e+02
5.9375e-02, 3.4454e+02
6.2500e-02, 3.3464e+02
6.8750e-02, 3.1683e+02
7.5000e-02, 3.0116e+02
8.1250e-02, 2.8728e+02
8.7500e-02, 2.7488e+02
9.3750e-02, 2.6369e+02
1.0000e-01, 2.5354e+02
1.0625e-01, 2.4428e+02
1.1250e-01, 2.3577e+02
1.1875e-01, 2.2792e+02
1.2500e-01, 2.2065e+02
1.3125e-01, 2.1390e+02
1.3750e-01, 2.0763e+02
1.5000e-01, 1.9622e+02
1.6250e-01, 1.8608e+02
1.7500e-01, 1.7701e+02
1.8750e-01, 1.6885e+02
2.0000e-01, 1.6145e+02
2.0938e-01, 1.5633e+02
2.1875e-01, 1.5158e+02
2.3750e-01, 1.4289e+02
2.5625e-01, 1.3515e+02
2.7500e-01, 1.2821e+02
2.9375e-01, 1.2195e+02
3.1250e-01, 1.1627e+02
3.3125e-01, 1.1109e+02
3.5000e-01, 1.0635e+02
3.6875e-01, 1.0199e+02
3.8750e-01, 9.7956e+01
4.0625e-01, 9.4221e+01
4.2500e-01, 9.0751e+01
5.0000e-01, 7.9068e+01
5.6250e-01, 7.1294e+01
6.2500e-01, 6.4817e+01
6.8750e-01, 5.9357e+01
7.5000e-01, 5.4695e+01
8.1250e-01, 5.0670e+01
8.7500e-01, 4.7180e+01
1.0000e+00, 4.1383e+01
1.1250e+00, 3.6767e+01
1.2500e+00, 3.3025e+01
1.3750e+00, 2.9937e+01
1.5000e+00, 2.7348e+01
1.6250e+00, 2.5149e+01
1.7500e+00, 2.3269e+01
2.0000e+00, 2.0204e+01
2.2066e+00, 1.8215e+01
2.4132e+00, 1.6565e+01
2.6197e+00, 1.5170e+01
2.8263e+00, 1.3986e+01
3.0329e+00, 1.2986e+01
3.2395e+00, 1.2168e+01
3.4460e+00, 1.1568e+01
3.5493e+00, 1.1346e+01
3.6526e+00, 1.1300e+01
3.7281e+00, 1.1483e+01
3.7658e+00, 1.1711e+01
3.8036e+00, 1.2108e+01
3.8413e+00, 1.2824e+01
3.8602e+00, 1.3387e+01
3.8791e+00, 1.4180e+01
3.8979e+00, 1.5347e+01
3.9074e+00, 1.6148e+01
3.9168e+00, 1.7161e+01
3.9262e+00, 1.8465e+01
3.9357e+00, 2.0172e+01
3.9451e+00, 2.2438e+01
3.9545e+00, 2.5469e+01
3.9620e+00, 2.8566e+01
3.9694e+00, 3.2435e+01
3.9769e+00, 3.7211e+01
3.9843e+00, 4.3004e+01
3.9918e+00, 4.9871e+01
3.9992e+00, 5.7778e+01
4.0141e+00, 7.5958e+01
4.0300e+00, 9.5776e+01
4.0375e+00, 1.0371e+02
4.0450e+00, 1.0987e+02
4.0525e+00, 1.1372e+02
4.0600e+00, 1.1491e+02
4.0674e+00, 1.1337e+02
4.0748e+00, 1.0927e+02
4.0822e+00, 1.0299e+02
4.0896e+00, 9.5047e+01
4.1128e+00, 6.5996e+01
4.1244e+00, 5.2719e+01
4.1302e+00, 4.6929e+01
4.1360e+00, 4.1778e+01
4.1436e+00, 3.6003e+01
4.1512e+00, 3.1253e+01
4.1587e+00, 2.7411e+01
4.1663e+00, 2.4336e+01
4.1739e+00, 2.1888e+01
4.1815e+00, 1.9939e+01
4.1891e+00, 1.8381e+01
4.1967e+00, 1.7125e+01
4.2043e+00, 1.6102e+01
4.2119e+00, 1.5259e+01
4.2270e+00, 1.3963e+01
4.2422e+00, 1.3021e+01
4.2574e+00, 1.2311e+01
4.2806e+00, 1.1513e+01
4.3038e+00, 1.0938e+01
4.3502e+00, 1.0162e+01
4.3966e+00, 9.6522e+00
4.4430e+00, 9.2963e+00
4.5359e+00, 8.7946e+00
4.6287e+00, 8.4386e+00
4.8143e+00, 7.9332e+00
5.0000e+00, 7.5404e+00
5.3125e+00, 7.0076e+00
5.6250e+00, 6.5685e+00
6.2500e+00, 5.8676e+00
6.8750e+00, 5.3386e+00
7.5000e+00, 4.9470e+00
8.1250e+00, 4.6790e+00
8.7500e+00, 4.5387e+00
9.3750e+00, 4.5519e+00
9.6875e+00, 4.6354e+00
1.0000e+01, 4.7906e+00
1.0222e+01, 4.9570e+00
1.0443e+01, 5.1864e+00
1.0665e+01, 5.4972e+00
1.0887e+01, 5.9180e+00
1.1108e+01, 6.4922e+00
1.1330e+01, 7.2680e+00
1.1441e+01, 7.7761e+00
1.1552e+01, 8.3861e+00
1.1662e+01, 9.1246e+00
1.1773e+01, 1.0028e+01
1.1871e+01, 1.1003e+01
1.1969e+01, 1.2194e+01
1.2067e+01, 1.3669e+01
1.2164e+01, 1.5511e+01
1.2262e+01, 1.7858e+01
1.2311e+01, 1.9294e+01
1.2360e+01, 2.0949e+01
1.2409e+01, 2.2867e+01
1.2458e+01, 2.5107e+01
1.2507e+01, 2.7745e+01
1.2555e+01, 3.0880e+01
1.2601e+01, 3.4375e+01
1.2647e+01, 3.8565e+01
1.2692e+01, 4.3642e+01
1.2738e+01, 4.9874e+01
1.2784e+01, 5.7656e+01
1.2806e+01, 6.2304e+01
1.2829e+01, 6.7578e+01
1.2852e+01, 7.3602e+01
1.2875e+01, 8.0522e+01
1.2898e+01, 8.8535e+01
1.2909e+01, 9.3025e+01
1.2920e+01, 9.7882e+01
1.2928e+01, 1.0142e+02
1.2936e+01, 1.0515e+02
1.2944e+01, 1.0911e+02
1.2951e+01, 1.1331e+02
1.2959e+01, 1.1778e+02
1.2967e+01, 1.2253e+02
1.2975e+01, 1.2759e+02
1.2982e+01, 1.3299e+02
1.2986e+01, 1.3537e+02
1.2990e+01, 1.3876e+02
1.2995e+01, 1.4229e+02
1.2999e+01, 1.4595e+02
1.3004e+01, 1.4977e+02
1.3008e+01, 1.5377e+02
1.3013e+01, 1.5792e+02
1.3017e+01, 1.6225e+02
1.3022e+01, 1.6678e+02
1.3028e+01, 1.7420e+02
1.3035e+01, 1.8214e+02
1.3042e+01, 1.9070e+02
1.3049e+01, 1.9990e+02
1.3056e+01, 2.0986e+02
1.3063e+01, 2.2064e+02
1.3070e+01, 2.3236e+02
1.3077e+01, 2.4511e+02
1.3086e+01, 2.6343e+02
1.3095e+01, 2.8408e+02
1.3099e+01, 2.9545e+02
1.3104e+01, 3.0756e+02
1.3108e+01, 3.2051e+02
1.3113e+01, 3.3438e+02
1.3117e+01, 3.4930e+02
1.3122e+01, 3.6530e+02
1.3126e+01, 3.8252e+02
1.3131e+01, 4.0110e+02
1.3135e+01, 4.2117e+02
1.3140e+01, 4.4290e+02
1.3144e+01, 4.6644e+02
1.3149e+01, 4.9200e+02
1.3153e+01, 5.1984e+02
1.3158e+01, 5.5007e+02
1.3162e+01, 5.8300e+02
1.3167e+01, 6.1890e+02
1.3171e+01, 6.5816e+02
1.3176e+01, 7.0092e+02
1.3180e+01, 7.4760e+02
1.3185e+01, 7.9856e+02
1.3189e+01, 8.5431e+02
1.3193e+01, 9.1500e+02
1.3198e+01, 9.8117e+02
1.3202e+01, 1.0532e+03
1.3207e+01, 1.1316e+03
1.3211e+01, 1.2167e+03
1.3220e+01, 1.4089e+03
1.3229e+01, 1.6332e+03
1.3238e+01, 1.8917e+03
1.3247e+01, 2.1864e+03
1.3256e+01, 2.5177e+03
1.3265e+01, 2.8848e+03
1.3274e+01, 3.2837e+03
1.3292e+01, 4.1535e+03
1.3312e+01, 5.1356e+03
1.3331e+01, 6.0189e+03
1.3342e+01, 6.3977e+03
1.3352e+01, 6.6834e+03
1.3363e+01, 6.8598e+03
1.3373e+01, 6.9165e+03
1.3377e+01, 6.9033e+03
1.3393e+01, 6.6802e+03
1.3409e+01, 6.2103e+03
1.3425e+01, 5.5546e+03
1.3441e+01, 4.7908e+03
1.3458e+01, 3.9025e+03
1.3476e+01, 3.0690e+03
1.3485e+01, 2.6924e+03
1.3494e+01, 2.3489e+03
1.3503e+01, 2.0403e+03
1.3511e+01, 1.7671e+03
1.3519e+01, 1.5485e+03
1.3527e+01, 1.3567e+03
1.3536e+01, 1.1897e+03
1.3544e+01, 1.0455e+03
1.3552e+01, 9.2115e+02
1.3560e+01, 8.1467e+02
1.3568e+01, 7.2345e+02
1.3576e+01, 6.4554e+02
1.3584e+01, 5.7881e+02
1.3592e+01, 5.2164e+02
1.3600e+01, 4.7251e+02
1.3608e+01, 4.3020e+02
1.3616e+01, 3.9348e+02
1.3624e+01, 3.6156e+02
1.3632e+01, 3.3358e+02
1.3640e+01, 3.0898e+02
1.3655e+01, 2.7149e+02
1.3669e+01, 2.4091e+02
1.3684e+01, 2.1554e+02
1.3698e+01, 1.9423e+02
1.3713e+01, 1.7610e+02
1.3727e+01, 1.6053e+02
1.3742e+01, 1.4703e+02
1.3756e+01, 1.3523e+02
1.3785e+01, 1.1565e+02
1.3814e+01, 1.0016e+02
1.3843e+01, 8.7671e+01
1.3872e+01, 7.7449e+01
1.3901e+01, 6.8970e+01
1.3930e+01, 6.1859e+01
1.3959e+01, 5.5836e+01
1.3988e+01, 5.0687e+01
1.4017e+01, 4.6242e+01
1.4046e+01, 4.2376e+01
1.4075e+01, 3.8989e+01
1.4104e+01, 3.6007e+01
1.4162e+01, 3.1019e+01
1.4219e+01, 2.7045e+01
1.4277e+01, 2.3828e+01
1.4335e+01, 2.1186e+01
1.4393e+01, 1.8990e+01
1.4451e+01, 1.7146e+01
1.4509e+01, 1.5587e+01
1.4567e+01, 1.4256e+01
1.4625e+01, 1.3105e+01
1.4683e+01, 1.2098e+01
1.4799e+01, 1.0439e+01
1.4915e+01, 9.1434e+00
1.5031e+01, 8.1115e+00
1.5146e+01, 7.2762e+00
1.5262e+01, 6.5903e+00
1.5404e+01, 5.9076e+00
1.5546e+01, 5.3632e+00
1.5687e+01, 4.9036e+00
1.5829e+01, 4.5222e+00
1.5970e+01, 4.2002e+00
1.6112e+01, 3.9256e+00
1.6395e+01, 3.4884e+00
1.6678e+01, 3.1565e+00
1.6962e+01, 2.8995e+00
1.7245e+01, 2.7020e+00
1.7528e+01, 2.5353e+00
1.7837e+01, 2.3932e+00
1.8146e+01, 2.2780e+00
1.8764e+01, 2.1069e+00
1.9382e+01, 2.0037e+00
2.0000e+01, 1.9349e+00
2.0621e+01, 1.9070e+00
2.1242e+01, 1.9137e+00
2.1863e+01, 1.9553e+00
2.2484e+01, 2.0364e+00
2.3105e+01, 2.1657e+00
2.3725e+01, 2.3570e+00
2.4036e+01, 2.4829e+00
2.4346e+01, 2.6359e+00
2.4657e+01, 2.8210e+00
2.4967e+01, 3.0459e+00
2.5278e+01, 3.3211e+00
2.5588e+01, 3.6609e+00
2.5840e+01, 3.9986e+00
2.6093e+01, 4.4079e+00
2.6345e+01, 4.9073e+00
2.6597e+01, 5.5091e+00
2.6849e+01, 6.2775e+00
2.7102e+01, 7.2607e+00
2.7228e+01, 7.8575e+00
2.7354e+01, 8.5415e+00
2.7480e+01, 9.3270e+00
2.7543e+01, 9.7666e+00
2.7606e+01, 1.0243e+01
2.7684e+01, 1.0884e+01
2.7722e+01, 1.1230e+01
2.7761e+01, 1.1595e+01
2.7800e+01, 1.1979e+01
2.7819e+01, 1.2179e+01
2.7839e+01, 1.2384e+01
2.7858e+01, 1.2595e+01
2.7878e+01, 1.2812e+01
2.7897e+01, 1.3036e+01
2.7916e+01, 1.3265e+01
2.7943e+01, 1.3592e+01
2.7970e+01, 1.3932e+01
2.7997e+01, 1.4285e+01
2.8023e+01, 1.4654e+01
2.8050e+01, 1.5037e+01
2.8077e+01, 1.5437e+01
2.8103e+01, 1.5855e+01
2.8130e+01, 1.6290e+01
2.8152e+01, 1.6661e+01
2.8174e+01, 1.7045e+01
2.8195e+01, 1.7444e+01
2.8217e+01, 1.7857e+01
2.8239e+01, 1.8287e+01
2.8261e+01, 1.8733e+01
2.8283e+01, 1.9196e+01
2.8305e+01, 1.9677e+01
2.8324e+01, 2.0122e+01
2.8343e+01, 2.0582e+01
2.8363e+01, 2.1060e+01
2.8382e+01, 2.1555e+01
2.8402e+01, 2.2069e+01
2.8421e+01, 2.2601e+01
2.8460e+01, 2.3729e+01
2.8499e+01, 2.4948e+01
2.8537e+01, 2.6267e+01
2.8576e+01, 2.7698e+01
2.8615e+01, 2.9254e+01
2.8642e+01, 3.0404e+01
2.8668e+01, 3.1626e+01
2.8695e+01, 3.2926e+01
2.8722e+01, 3.4310e+01
2.8748e+01, 3.5787e+01
2.8775e+01, 3.7365e+01
2.8802e+01, 3.9053e+01
2.8828e+01, 4.0862e+01
2.8855e+01, 4.2803e+01
2.8882e+01, 4.4891e+01
2.8908e+01, 4.7140e+01
2.8935e+01, 4.9568e+01
2.8962e+01, 5.2195e+01
2.8989e+01, 5.5041e+01
2.9015e+01, 5.8135e+01
2.9042e+01, 6.1503e+01
2.9066e+01, 6.4836e+01
2.9090e+01, 6.8453e+01
2.9115e+01, 7.2392e+01
2.9139e+01, 7.6689e+01
2.9163e+01, 8.1393e+01
2.9187e+01, 8.6554e+01
2.9212e+01, 9.2239e+01
2.9236e+01, 9.8516e+01
2.9260e+01, 1.0548e+02
2.9284e+01, 1.1322e+02
2.9309e+01, 1.2188e+02
2.9333e+01, 1.3161e+02
2.9357e+01, 1.4260e+02
2.9381e+01, 1.5507e+02
2.9406e+01, 1.6933e+02
2.9430e+01, 1.8576e+02
2.9457e+01, 2.0693e+02
2.9483e+01, 2.3218e+02
2.9510e+01, 2.6273e+02
2.9523e+01, 2.8050e+02
2.9537e+01, 3.0029e+02
2.9550e+01, 3.2246e+02
2.9563e+01, 3.4743e+02
2.9577e+01, 3.7572e+02
2.9590e+01, 4.0801e+02
2.9603e+01, 4.4510e+02
2.9617e+01, 4.8803e+02
2.9630e+01, 5.3806e+02
2.9643e+01, 5.9673e+02
2.9653e+01, 6.4600e+02
2.9663e+01, 7.0171e+02
2.9672e+01, 7.6490e+02
2.9682e+01, 8.3670e+02
2.9692e+01, 9.1848e+02
2.9702e+01, 1.0115e+03
2.9711e+01, 1.1173e+03
2.9721e+01, 1.2375e+03
2.9731e+01, 1.3742e+03
2.9740e+01, 1.5286e+03
2.9750e+01, 1.7029e+03
2.9760e+01, 1.8987e+03
2.9769e+01, 2.1175e+03
2.9779e+01, 2.3609e+03
2.9789e+01, 2.6298e+03
2.9799e+01, 2.9249e+03
2.9811e+01, 3.3524e+03
2.9824e+01, 3.8233e+03
2.9850e+01, 4.8789e+03
2.9900e+01, 7.1775e+03
2.9917e+01, 7.8520e+03
2.9933e+01, 8.4319e+03
2.9950e+01, 8.8832e+03
2.9966e+01, 9.1765e+03
2.9985e+01, 9.2945e+03
3.0004e+01, 9.1681e+03
3.0023e+01, 8.8111e+03
3.0041e+01, 8.2545e+03
3.0060e+01, 7.5438e+03
3.0111e+01, 5.2587e+03
3.0137e+01, 4.1593e+03
3.0150e+01, 3.6598e+03
3.0162e+01, 3.2024e+03
3.0173e+01, 2.8646e+03
3.0183e+01, 2.5566e+03
3.0194e+01, 2.2781e+03
3.0204e+01, 2.0284e+03
3.0214e+01, 1.8057e+03
3.0225e+01, 1.6083e+03
3.0235e+01, 1.4343e+03
3.0245e+01, 1.2817e+03
3.0256e+01, 1.1480e+03
3.0266e+01, 1.0313e+03
3.0276e+01, 9.2952e+02
3.0287e+01, 8.4093e+02
3.0297e+01, 7.6362e+02
3.0307e+01, 6.9615e+02
3.0318e+01, 6.3715e+02
3.0328e+01, 5.8548e+02
3.0346e+01, 5.0884e+02
3.0365e+01, 4.4703e+02
3.0383e+01, 3.9652e+02
3.0401e+01, 3.5473e+02
3.0420e+01, 3.1965e+02
3.0438e+01, 2.8989e+02
3.0456e+01, 2.6436e+02
3.0474e+01, 2.4227e+02
3.0493e+01, 2.2297e+02
3.0511e+01, 2.0599e+02
3.0547e+01, 1.7758e+02
3.0584e+01, 1.5483e+02
3.0621e+01, 1.3628e+02
3.0652e+01, 1.2283e+02
3.0684e+01, 1.1131e+02
3.0716e+01, 1.0137e+02
3.0747e+01, 9.2723e+01
3.0779e+01, 8.5156e+01
3.0811e+01, 7.8493e+01
3.0874e+01, 6.7353e+01
3.0937e+01, 5.8465e+01
3.1001e+01, 5.1256e+01
3.1064e+01, 4.5316e+01
3.1128e+01, 4.0355e+01
3.1186e+01, 3.6467e+01
3.1244e+01, 3.3118e+01
3.1303e+01, 3.0215e+01
3.1361e+01, 2.7683e+01
3.1420e+01, 2.5461e+01
3.1478e+01, 2.3500e+01
3.1595e+01, 2.0210e+01
3.1712e+01, 1.7577e+01
3.1829e+01, 1.5441e+01
3.1946e+01, 1.3689e+01
3.2063e+01, 1.2223e+01
3.2171e+01, 1.1076e+01
3.2278e+01, 1.0086e+01
3.2385e+01, 9.2279e+00
3.2492e+01, 8.4787e+00
3.2707e+01, 7.2398e+00
3.2921e+01, 6.2648e+00
3.3136e+01, 5.4836e+00
3.3350e+01, 4.8481e+00
3.3565e+01, 4.3242e+00
3.3779e+01, 3.8904e+00
3.4013e+01, 3.4951e+00
3.4247e+01, 3.1590e+00
3.4481e+01, 2.8733e+00
3.4715e+01, 2.6295e+00
3.4949e+01, 2.4200e+00
3.5183e+01, 2.2381e+00
3.5651e+01, 1.9388e+00
3.6119e+01, 1.7058e+00
3.6587e+01, 1.5200e+00
3.7054e+01, 1.3726e+00
3.7522e+01, 1.2476e+00
3.8146e+01, 1.1143e+00
3.8770e+01, 1.0080e+00
3.9394e+01, 9.2192e-01
4.0018e+01, 8.5115e-01
4.0642e+01, 7.9230e-01
4.1266e+01, 7.4306e-01
4.2513e+01, 6.6552e-01
4.3761e+01, 6.0817e-01
4.5009e+01, 5.6522e-01
4.6257e+01, 5.3287e-01
4.7504e+01, 5.0866e-01
4.8752e+01, 4.9099e-01
5.0000e+01, 4.7884e-01
5.1288e+01, 4.7142e-01
5.2577e+01, 4.6888e-01
5.4026e+01, 4.7197e-01
5.5476e+01, 4.8183e-01
5.6926e+01, 4.9949e-01
5.8375e+01, 5.2704e-01
5.9100e+01, 5.4466e-01
5.9825e+01, 5.6811e-01
6.0549e+01, 5.9526e-01
6.1274e+01, 6.2924e-01
6.1999e+01, 6.6949e-01
6.2724e+01, 7.2173e-01
6.3448e+01, 7.8856e-01
6.4173e+01, 8.7631e-01
6.4586e+01, 9.4009e-01
6.4999e+01, 1.0133e+00
6.5411e+01, 1.1049e+00
6.5824e+01, 1.2186e+00
6.6237e+01, 1.3625e+00
6.6649e+01, 1.5491e+00
6.6856e+01, 1.6641e+00
6.7062e+01, 1.7966e+00
6.7269e+01, 1.9522e+00
6.7372e+01, 2.0410e+00
6.7475e+01, 2.1382e+00
6.7540e+01, 2.2048e+00
6.7606e+01, 2.2755e+00
6.7671e+01, 2.3507e+00
6.7737e+01, 2.4309e+00
6.7802e+01, 2.5165e+00
6.7867e+01, 2.6080e+00
6.7933e+01, 2.7060e+00
6.7998e+01, 2.8110e+00
6.8049e+01, 2.8971e+00
6.8099e+01, 2.9882e+00
6.8144e+01, 3.0748e+00
6.8190e+01, 3.1661e+00
6.8235e+01, 3.2625e+00
6.8280e+01, 3.3643e+00
6.8336e+01, 3.4968e+00
6.8391e+01, 3.6389e+00
6.8446e+01, 3.7917e+00
6.8502e+01, 3.9563e+00
6.8557e+01, 4.1339e+00
6.8612e+01, 4.3261e+00
6.8668e+01, 4.5344e+00
6.8723e+01, 4.7608e+00
6.8778e+01, 5.0076e+00
6.8834e+01, 5.2772e+00
6.8889e+01, 5.5727e+00
6.8945e+01, 5.8975e+00
6.9000e+01, 6.2559e+00
6.9055e+01, 6.6526e+00
6.9111e+01, 7.0935e+00
6.9166e+01, 7.5856e+00
6.9221e+01, 8.1373e+00
6.9277e+01, 8.7588e+00
6.9332e+01, 9.4629e+00
6.9387e+01, 1.0265e+01
6.9443e+01, 1.1185e+01
6.9498e+01, 1.2248e+01
6.9554e+01, 1.3485e+01
6.9609e+01, 1.4939e+01
6.9664e+01, 1.6665e+01
6.9720e+01, 1.8739e+01
6.9747e+01, 1.9937e+01
6.9775e+01, 2.1265e+01
6.9803e+01, 2.2742e+01
6.9830e+01, 2.4393e+01
6.9858e+01, 2.6250e+01
6.9886e+01, 2.8349e+01
6.9913e+01, 3.0740e+01
6.9941e+01, 3.3486e+01
6.9969e+01, 3.6673e+01
6.9996e+01, 4.0416e+01
7.0024e+01, 4.4876e+01
7.0052e+01, 5.0284e+01
7.0067e+01, 5.3747e+01
7.0082e+01, 5.7658e+01
7.0097e+01, 6.2104e+01
7.0112e+01, 6.7192e+01
7.0127e+01, 7.3049e+01
7.0142e+01, 7.9832e+01
7.0157e+01, 8.7730e+01
7.0173e+01, 9.6968e+01
7.0188e+01, 1.0781e+02
7.0203e+01, 1.2058e+02
7.0218e+01, 1.3563e+02
7.0233e+01, 1.5338e+02
7.0248e+01, 1.7429e+02
7.0263e+01, 1.9890e+02
7.0278e+01, 2.2775e+02
7.0293e+01, 2.6143e+02
7.0304e+01, 2.8858e+02
7.0315e+01, 3.1870e+02
7.0325e+01, 3.5200e+02
7.0336e+01, 3.8865e+02
7.0358e+01, 4.7291e+02
7.0379e+01, 5.7270e+02
7.0400e+01, 6.8870e+02
7.0422e+01, 8.2079e+02
7.0443e+01, 9.6782e+02
7.0465e+01, 1.1274e+03
7.0515e+01, 1.5297e+03
7.0565e+01, 1.9076e+03
7.0593e+01, 2.0741e+03
7.0621e+01, 2.1912e+03
7.0641e+01, 2.2378e+03
7.0660e+01, 2.2532e+03
7.0678e+01, 2.2389e+03
7.0696e+01, 2.1977e+03
7.0714e+01, 2.1313e+03
7.0732e+01, 2.0422e+03
7.0770e+01, 1.7954e+03
7.0808e+01, 1.5003e+03
7.0844e+01, 1.2091e+03
7.0881e+01, 9.3674e+02
7.0899e+01, 8.1378e+02
7.0917e+01, 7.0168e+02
7.0935e+01, 6.0101e+02
7.0953e+01, 5.1205e+02
7.0971e+01, 4.3787e+02
7.0988e+01, 3.7354e+02
7.1005e+01, 3.1831e+02
7.1022e+01, 2.7132e+02
7.1040e+01, 2.3164e+02
7.1057e+01, 1.9840e+02
7.1074e+01, 1.7069e+02
7.1092e+01, 1.4767e+02
7.1109e+01, 1.2857e+02
7.1126e+01, 1.1277e+02
7.1143e+01, 9.9655e+01
7.1161e+01, 8.8748e+01
7.1178e+01, 7.9634e+01
7.1195e+01, 7.1976e+01
7.1213e+01, 6.5495e+01
7.1230e+01, 5.9969e+01
7.1246e+01, 5.5440e+01
7.1263e+01, 5.1486e+01
7.1296e+01, 4.4936e+01
7.1328e+01, 3.9732e+01
7.1361e+01, 3.5501e+01
7.1394e+01, 3.1991e+01
7.1427e+01, 2.9034e+01
7.1460e+01, 2.6509e+01
7.1493e+01, 2.4333e+01
7.1525e+01, 2.2438e+01
7.1558e+01, 2.0779e+01
7.1624e+01, 1.8015e+01
7.1690e+01, 1.5820e+01
7.1755e+01, 1.4046e+01
7.1814e+01, 1.2732e+01
7.1873e+01, 1.1621e+01
7.1932e+01, 1.0674e+01
7.1990e+01, 9.8608e+00
7.2049e+01, 9.1573e+00
7.2108e+01, 8.5450e+00
7.2225e+01, 7.5370e+00
7.2343e+01, 6.7505e+00
7.2460e+01, 6.1299e+00
7.2578e+01, 5.6363e+00
7.2695e+01, 5.2416e+00
7.2813e+01, 4.9254e+00
7.2930e+01, 4.6730e+00
7.3048e+01, 4.4730e+00
7.3165e+01, 4.3173e+00
7.3283e+01, 4.1992e+00
7.3342e+01, 4.1528e+00
7.3400e+01, 4.1143e+00
7.3459e+01, 4.0832e+00
7.3518e+01, 4.0592e+00
7.3577e+01, 4.0420e+00
7.3635e+01, 4.0314e+00
7.3696e+01, 4.0271e+00
7.3756e+01, 4.0294e+00
7.3817e+01, 4.0380e+00
7.3877e+01, 4.0530e+00
7.3938e+01, 4.0741e+00
7.3998e+01, 4.1015e+00
7.4059e+01, 4.1352e+00
7.4119e+01, 4.1752e+00
7.4168e+01, 4.2118e+00
7.4221e+01, 4.2572e+00
7.4275e+01, 4.3078e+00
7.4328e+01, 4.3638e+00
7.4382e+01, 4.4253e+00
7.4427e+01, 4.4813e+00
7.4472e+01, 4.5414e+00
7.4517e+01, 4.6057e+00
7.4562e+01, 4.6745e+00
7.4607e+01, 4.7479e+00
7.4652e+01, 4.8261e+00
7.4697e+01, 4.9092e+00
7.4741e+01, 4.9975e+00
7.4779e+01, 5.0764e+00
7.4818e+01, 5.1594e+00
7.4894e+01, 5.3382e+00
7.4970e+01, 5.5353e+00
7.5046e+01, 5.7525e+00
7.5122e+01, 5.9920e+00
7.5198e+01, 6.2559e+00
7.5274e+01, 6.5472e+00
7.5350e+01, 6.8689e+00
7.5426e+01, 7.2249e+00
7.5502e+01, 7.6195e+00
7.5578e+01, 8.0578e+00
7.5654e+01, 8.5460e+00
7.5730e+01, 9.0914e+00
7.5806e+01, 9.7026e+00
7.5882e+01, 1.0390e+01
7.5958e+01, 1.1167e+01
7.6034e+01, 1.2048e+01
7.6110e+01, 1.3054e+01
7.6186e+01, 1.4207e+01
7.6262e+01, 1.5538e+01
7.6338e+01, 1.7085e+01
7.6414e+01, 1.8899e+01
7.6490e+01, 2.1043e+01
7.6566e+01, 2.3604e+01
7.6636e+01, 2.6392e+01
7.6705e+01, 2.9741e+01
7.6774e+01, 3.3814e+01
7.6808e+01, 3.6191e+01
7.6843e+01, 3.8842e+01
7.6877e+01, 4.1813e+01
7.6912e+01, 4.5159e+01
7.6947e+01, 4.8950e+01
7.6981e+01, 5.3273e+01
7.7016e+01, 5.8241e+01
7.7050e+01, 6.3996e+01
7.7085e+01, 7.0732e+01
7.7119e+01, 7.8710e+01
7.7157e+01, 8.9360e+01
7.7176e+01, 9.5622e+01
7.7195e+01, 1.0266e+02
7.7214e+01, 1.1062e+02
7.7233e+01, 1.1967e+02
7.7252e+01, 1.3004e+02
7.7271e+01, 1.4201e+02
7.7290e+01, 1.5590e+02
7.7309e+01, 1.7214e+02
7.7329e+01, 1.9121e+02
7.7348e+01, 2.1372e+02
7.7367e+01, 2.4038e+02
7.7386e+01, 2.7202e+02
7.7405e+01, 3.0959e+02
7.7424e+01, 3.5412e+02
7.7436e+01, 3.8666e+02
7.7448e+01, 4.2282e+02
7.7460e+01, 4.6293e+02
7.7472e+01, 5.0727e+02
7.7496e+01, 6.1014e+02
7.7520e+01, 7.3372e+02
7.7545e+01, 8.7998e+02
7.7569e+01, 1.0498e+03
7.7593e+01, 1.2430e+03
7.7617e+01, 1.4576e+03
7.7648e+01, 1.7590e+03
7.7679e+01, 2.0765e+03
7.7742e+01, 2.6838e+03
7.7764e+01, 2.8699e+03
7.7787e+01, 3.0217e+03
7.7810e+01, 3.1314e+03
7.7833e+01, 3.1935e+03
7.7850e+01, 3.2066e+03
7.7878e+01, 3.1683e+03
7.7905e+01, 3.0586e+03
7.7933e+01, 2.8858e+03
7.7960e+01, 2.6624e+03
7.8019e+01, 2.0822e+03
7.8079e+01, 1.4909e+03
7.8107e+01, 1.2388e+03
7.8135e+01, 1.0160e+03
7.8164e+01, 8.2516e+02
7.8178e+01, 7.4180e+02
7.8192e+01, 6.6620e+02
7.8206e+01, 5.9796e+02
7.8220e+01, 5.3677e+02
7.8234e+01, 4.8210e+02
7.8249e+01, 4.3346e+02
7.8263e+01, 3.9028e+02
7.8277e+01, 3.5213e+02
7.8291e+01, 3.1846e+02
7.8305e+01, 2.8879e+02
7.8319e+01, 2.6383e+02
7.8332e+01, 2.4172e+02
7.8359e+01, 2.0478e+02
7.8386e+01, 1.7566e+02
7.8413e+01, 1.5252e+02
7.8440e+01, 1.3393e+02
7.8467e+01, 1.1881e+02
7.8494e+01, 1.0634e+02
7.8521e+01, 9.5925e+01
7.8548e+01, 8.7106e+01
7.8575e+01, 7.9554e+01
7.8602e+01, 7.3023e+01
7.8629e+01, 6.7324e+01
7.8683e+01, 5.7871e+01
7.8737e+01, 5.0373e+01
7.8788e+01, 4.4582e+01
7.8839e+01, 3.9775e+01
7.8890e+01, 3.5734e+01
7.8941e+01, 3.2301e+01
7.8993e+01, 2.9355e+01
7.9044e+01, 2.6806e+01
7.9095e+01, 2.4584e+01
7.9146e+01, 2.2634e+01
7.9249e+01, 1.9388e+01
7.9351e+01, 1.6812e+01
7.9454e+01, 1.4732e+01
7.9556e+01, 1.3029e+01
7.9648e+01, 1.1753e+01
7.9739e+01, 1.0664e+01
7.9831e+01, 9.7276e+00
7.9923e+01, 8.9168e+00
8.0014e+01, 8.2099e+00
8.0106e+01, 7.5886e+00
8.0289e+01, 6.5489e+00
8.0473e+01, 5.7200e+00
8.0656e+01, 5.0503e+00
8.0839e+01, 4.5016e+00
8.1022e+01, 4.0465e+00
8.1217e+01, 3.6443e+00
8.1411e+01, 3.3069e+00
8.1605e+01, 3.0222e+00
8.1799e+01, 2.7812e+00
8.1993e+01, 2.5718e+00
8.2187e+01, 2.3889e+00
8.2575e+01, 2.0894e+00
8.2963e+01, 1.8571e+00
8.3352e+01, 1.6737e+00
8.3740e+01, 1.5268e+00
8.4128e+01, 1.4078e+00
8.4473e+01, 1.3203e+00
8.4818e+01, 1.2476e+00
8.5508e+01, 1.1333e+00
8.6198e+01, 1.0500e+00
8.6888e+01, 9.9019e-01
8.7578e+01, 9.4803e-01
8.8268e+01, 9.1969e-01
8.8959e+01, 9.0260e-01
8.9649e+01, 8.9504e-01
9.0209e+01, 8.9521e-01
9.0770e+01, 9.0060e-01
9.1331e+01, 9.1085e-01
9.1891e+01, 9.2543e-01
9.2452e+01, 9.4549e-01
9.2732e+01, 9.5745e-01
9.3013e+01, 9.7075e-01
9.3293e+01, 9.8543e-01
9.3574e+01, 1.0015e+00
9.3854e+01, 1.0190e+00
9.3994e+01, 1.0284e+00
9.4134e+01, 1.0382e+00
9.4296e+01, 1.0500e+00
9.4458e+01, 1.0624e+00
9.4619e+01, 1.0754e+00
9.4781e+01, 1.0890e+00
9.4943e+01, 1.1033e+00
9.5105e+01, 1.1182e+00
9.5266e+01, 1.1338e+00
9.5428e+01, 1.1502e+00
9.5501e+01, 1.1578e+00
9.5574e+01, 1.1656e+00
9.5646e+01, 1.1735e+00
9.5719e+01, 1.1816e+00
9.5769e+01, 1.1872e+00
9.5819e+01, 1.1930e+00
9.5919e+01, 1.2047e+00
9.6018e+01, 1.2167e+00
9.6118e+01, 1.2291e+00
9.6237e+01, 1.2443e+00
9.6355e+01, 1.2600e+00
9.6474e+01, 1.2763e+00
9.6593e+01, 1.2931e+00
9.6711e+01, 1.3106e+00
9.6830e+01, 1.3286e+00
9.6948e+01, 1.3474e+00
9.7067e+01, 1.3667e+00
9.7186e+01, 1.3868e+00
9.7304e+01, 1.4077e+00
9.7423e+01, 1.4293e+00
9.7542e+01, 1.4516e+00
9.7660e+01, 1.4749e+00
9.7779e+01, 1.4990e+00
9.8016e+01, 1.5500e+00
9.8253e+01, 1.6051e+00
9.8490e+01, 1.6648e+00
9.8728e+01, 1.7295e+00
9.8965e+01, 1.7997e+00
9.9224e+01, 1.8836e+00
9.9482e+01, 1.9759e+00
9.9741e+01, 2.0779e+00
1.0000e+02, 2.1911e+00
1.0029e+02, 2.3352e+00
1.0059e+02, 2.4986e+00
1.0088e+02, 2.6853e+00
1.0117e+02, 2.9001e+00
1.0147e+02, 3.1492e+00
1.0176e+02, 3.4402e+00
1.0205e+02, 3.7836e+00
1.0235e+02, 4.1930e+00
1.0261e+02, 4.6383e+00
1.0288e+02, 5.1724e+00
1.0315e+02, 5.8214e+00
1.0328e+02, 6.1997e+00
1.0341e+02, 6.6210e+00
1.0355e+02, 7.0929e+00
1.0368e+02, 7.6237e+00
1.0381e+02, 8.2235e+00
1.0395e+02, 8.9041e+00
1.0408e+02, 9.6806e+00
1.0421e+02, 1.0571e+01
1.0435e+02, 1.1600e+01
1.0448e+02, 1.2805e+01
1.0463e+02, 1.4385e+01
1.0478e+02, 1.6302e+01
1.0492e+02, 1.8660e+01
1.0507e+02, 2.1606e+01
1.0514e+02, 2.3366e+01
1.0522e+02, 2.5358e+01
1.0529e+02, 2.7633e+01
1.0536e+02, 3.0240e+01
1.0544e+02, 3.3254e+01
1.0551e+02, 3.6757e+01
1.0558e+02, 4.0875e+01
1.0566e+02, 4.5755e+01
1.0573e+02, 5.1622e+01
1.0580e+02, 5.8764e+01
1.0588e+02, 6.7593e+01
1.0595e+02, 7.8692e+01
1.0599e+02, 8.5371e+01
1.0602e+02, 9.2996e+01
1.0606e+02, 1.0176e+02
1.0610e+02, 1.1190e+02
1.0613e+02, 1.2378e+02
1.0617e+02, 1.3784e+02
1.0621e+02, 1.5463e+02
1.0624e+02, 1.7489e+02
1.0629e+02, 2.0487e+02
1.0631e+02, 2.2294e+02
1.0633e+02, 2.4341e+02
1.0635e+02, 2.6690e+02
1.0637e+02, 2.9378e+02
1.0639e+02, 3.2456e+02
1.0642e+02, 3.5967e+02
1.0644e+02, 4.0005e+02
1.0646e+02, 4.4621e+02
1.0648e+02, 4.9883e+02
1.0650e+02, 5.5829e+02
1.0652e+02, 6.2576e+02
1.0655e+02, 7.0154e+02
1.0657e+02, 7.8604e+02
1.0659e+02, 8.7905e+02
1.0661e+02, 9.9826e+02
1.0664e+02, 1.1284e+03
1.0669e+02, 1.4177e+03
1.0679e+02, 2.0377e+03
1.0683e+02, 2.2578e+03
1.0687e+02, 2.4317e+03
1.0691e+02, 2.5433e+03
1.0695e+02, 2.5811e+03
1.0697e+02, 2.5673e+03
1.0700e+02, 2.5276e+03
1.0704e+02, 2.3767e+03
1.0709e+02, 2.1490e+03
1.0714e+02, 1.8736e+03
1.0724e+02, 1.2619e+03
1.0729e+02, 9.9456e+02
1.0731e+02, 8.7717e+02
1.0734e+02, 7.7183e+02
1.0736e+02, 6.8483e+02
1.0738e+02, 6.0768e+02
1.0740e+02, 5.3944e+02
1.0743e+02, 4.7946e+02
1.0745e+02, 4.2680e+02
1.0747e+02, 3.8115e+02
1.0749e+02, 3.4148e+02
1.0752e+02, 3.0706e+02
1.0754e+02, 2.7708e+02
1.0756e+02, 2.5118e+02
1.0759e+02, 2.2866e+02
1.0761e+02, 2.0902e+02
1.0763e+02, 1.9184e+02
1.0765e+02, 1.7675e+02
1.0770e+02, 1.5167e+02
1.0774e+02, 1.3261e+02
1.0779e+02, 1.1712e+02
1.0783e+02, 1.0435e+02
1.0787e+02, 9.3686e+01
1.0792e+02, 8.4643e+01
1.0796e+02, 7.6909e+01
1.0800e+02, 7.0235e+01
1.0805e+02, 6.4442e+01
1.0809e+02, 5.9355e+01
1.0813e+02, 5.4871e+01
1.0822e+02, 4.7365e+01
1.0831e+02, 4.1357e+01
1.0839e+02, 3.6469e+01
1.0847e+02, 3.2965e+01
1.0854e+02, 2.9973e+01
1.0862e+02, 2.7390e+01
1.0869e+02, 2.5149e+01
1.0876e+02, 2.3187e+01
1.0884e+02, 2.1462e+01
1.0891e+02, 1.9932e+01
1.0899e+02, 1.8574e+01
1.0914e+02, 1.6271e+01
1.0928e+02, 1.4407e+01
1.0943e+02, 1.2880e+01
1.0958e+02, 1.1615e+01
1.0967e+02, 1.0945e+01
1.0976e+02, 1.0341e+01
1.0995e+02, 9.3030e+00
1.1013e+02, 8.4463e+00
1.1031e+02, 7.7327e+00
1.1049e+02, 7.1336e+00
1.1067e+02, 6.6271e+00
1.1085e+02, 6.1965e+00
1.1104e+02, 5.8288e+00
1.1120e+02, 5.5404e+00
1.1137e+02, 5.2893e+00
1.1153e+02, 5.0705e+00
1.1170e+02, 4.8796e+00
1.1186e+02, 4.7134e+00
1.1194e+02, 4.6385e+00
1.1203e+02, 4.5687e+00
1.1211e+02, 4.5037e+00
1.1219e+02, 4.4432e+00
1.1228e+02, 4.3870e+00
1.1236e+02, 4.3350e+00
1.1245e+02, 4.2821e+00
1.1254e+02, 4.2338e+00
1.1263e+02, 4.1897e+00
1.1268e+02, 4.1692e+00
1.1272e+02, 4.1497e+00
1.1277e+02, 4.1311e+00
1.1281e+02, 4.1134e+00
1.1286e+02, 4.0967e+00
1.1290e+02, 4.0808e+00
1.1295e+02, 4.0658e+00
1.1299e+02, 4.0517e+00
1.1304e+02, 4.0384e+00
1.1308e+02, 4.0259e+00
1.1313e+02, 4.0132e+00
1.1318e+02, 4.0015e+00
1.1323e+02, 3.9906e+00
1.1328e+02, 3.9807e+00
1.1333e+02, 3.9716e+00
1.1338e+02, 3.9634e+00
1.1343e+02, 3.9561e+00
1.1348e+02, 3.9496e+00
1.1353e+02, 3.9439e+00
1.1358e+02, 3.9390e+00
1.1363e+02, 3.9349e+00
1.1368e+02, 3.9316e+00
1.1374e+02, 3.9288e+00
1.1380e+02, 3.9270e+00
1.1385e+02, 3.9262e+00
1.1391e+02, 3.9265e+00
1.1397e+02, 3.9277e+00
1.1403e+02, 3.9300e+00
1.1414e+02, 3.9375e+00
1.1426e+02, 3.9488e+00
1.1437e+02, 3.9640e+00
1.1449e+02, 3.9830e+00
1.1460e+02, 4.0056e+00
1.1473e+02, 4.0341e+00
1.1485e+02, 4.0669e+00
1.1498e+02, 4.1041e+00
1.1510e+02, 4.1456e+00
1.1522e+02, 4.1917e+00
1.1535e+02, 4.2423e+00
1.1560e+02, 4.3581e+00
1.1584e+02, 4.4931e+00
1.1609e+02, 4.6487e+00
1.1634e+02, 4.8266e+00
1.1659e+02, 5.0291e+00
1.1677e+02, 5.1946e+00
1.1695e+02, 5.3757e+00
1.1713e+02, 5.5739e+00
1.1731e+02, 5.7905e+00
1.1750e+02, 6.0275e+00
1.1768e+02, 6.2867e+00
1.1786e+02, 6.5706e+00
1.1804e+02, 6.8816e+00
1.1822e+02, 7.2232e+00
1.1840e+02, 7.5986e+00
1.1859e+02, 8.0121e+00
1.1877e+02, 8.4685e+00
1.1895e+02, 8.9738e+00
1.1913e+02, 9.5342e+00
1.1931e+02, 1.0158e+01
1.1949e+02, 1.0855e+01
1.1974e+02, 1.1943e+01
1.1999e+02, 1.3225e+01
1.2024e+02, 1.4745e+01
1.2049e+02, 1.6560e+01
1.2073e+02, 1.8754e+01
1.2086e+02, 2.0034e+01
1.2098e+02, 2.1460e+01
1.2111e+02, 2.3052e+01
1.2123e+02, 2.4836e+01
1.2135e+02, 2.6845e+01
1.2148e+02, 2.9117e+01
1.2164e+02, 3.2642e+01
1.2181e+02, 3.6869e+01
1.2197e+02, 4.1998e+01
1.2214e+02, 4.8303e+01
1.2222e+02, 5.2011e+01
1.2230e+02, 5.6168e+01
1.2239e+02, 6.0847e+01
1.2247e+02, 6.6138e+01
1.2255e+02, 7.2150e+01
1.2263e+02, 7.9024e+01
1.2272e+02, 8.6935e+01
1.2280e+02, 9.6108e+01
1.2289e+02, 1.0800e+02
1.2298e+02, 1.2225e+02
1.2307e+02, 1.3949e+02
1.2316e+02, 1.6059e+02
1.2325e+02, 1.8676e+02
1.2330e+02, 2.0222e+02
1.2334e+02, 2.1960e+02
1.2339e+02, 2.3924e+02
1.2343e+02, 2.6141e+02
1.2348e+02, 2.8655e+02
1.2353e+02, 3.1513e+02
1.2357e+02, 3.4621e+02
1.2361e+02, 3.8133e+02
1.2366e+02, 4.2115e+02
1.2370e+02, 4.6603e+02
1.2374e+02, 5.1662e+02
1.2379e+02, 5.7308e+02
1.2383e+02, 6.3571e+02
1.2387e+02, 7.0444e+02
1.2396e+02, 8.5826e+02
1.2405e+02, 1.0251e+03
1.2413e+02, 1.1869e+03
1.2422e+02, 1.3191e+03
1.2429e+02, 1.3868e+03
1.2436e+02, 1.4099e+03
1.2443e+02, 1.3856e+03
1.2450e+02, 1.3180e+03
1.2457e+02, 1.2161e+03
1.2464e+02, 1.0926e+03
1.2477e+02, 8.2943e+02
1.2484e+02, 7.0847e+02
1.2491e+02, 6.0170e+02
1.2499e+02, 4.9974e+02
1.2507e+02, 4.1650e+02
1.2514e+02, 3.4950e+02
1.2522e+02, 2.9585e+02
1.2530e+02, 2.5280e+02
1.2538e+02, 2.1802e+02
1.2545e+02, 1.8969e+02
1.2553e+02, 1.6640e+02
1.2559e+02, 1.5089e+02
1.2565e+02, 1.3741e+02
1.2571e+02, 1.2564e+02
1.2577e+02, 1.1531e+02
1.2590e+02, 9.8083e+01
1.2602e+02, 8.4446e+01
1.2614e+02, 7.3458e+01
1.2626e+02, 6.4499e+01
1.2638e+02, 5.7100e+01
1.2650e+02, 5.0923e+01
1.2663e+02, 4.5702e+01
1.2675e+02, 4.1251e+01
1.2687e+02, 3.7416e+01
1.2699e+02, 3.4097e+01
1.2711e+02, 3.1204e+01
1.2723e+02, 2.8672e+01
1.2748e+02, 2.4468e+01
1.2772e+02, 2.1146e+01
1.2796e+02, 1.8477e+01
1.2821e+02, 1.6301e+01
1.2845e+02, 1.4508e+01
1.2868e+02, 1.3082e+01
1.2892e+02, 1.1868e+01
1.2915e+02, 1.0821e+01
1.2938e+02, 9.9164e+00
1.2961e+02, 9.1319e+00
1.2985e+02, 8.4478e+00
1.3031e+02, 7.3199e+00
1.3078e+02, 6.4380e+00
1.3124e+02, 5.7391e+00
1.3171e+02, 5.1790e+00
1.3217e+02, 4.7273e+00
1.3266e+02, 4.3523e+00
1.3314e+02, 4.0463e+00
1.3363e+02, 3.8022e+00
1.3412e+02, 3.6071e+00
1.3461e+02, 3.4572e+00
1.3509e+02, 3.3485e+00
1.3558e+02, 3.2737e+00
1.3607e+02, 3.2315e+00
1.3673e+02, 3.2267e+00
1.3739e+02, 3.2821e+00
1.3806e+02, 3.4020e+00
1.3872e+02, 3.5955e+00
1.3939e+02, 3.8774e+00
1.4005e+02, 4.2630e+00
1.4038e+02, 4.5126e+00
1.4072e+02, 4.8055e+00
1.4105e+02, 5.1482e+00
1.4121e+02, 5.3418e+00
1.4138e+02, 5.5531e+00
1.4150e+02, 5.7202e+00
1.4162e+02, 5.8980e+00
1.4174e+02, 6.0876e+00
1.4187e+02, 6.2899e+00
1.4199e+02, 6.5062e+00
1.4205e+02, 6.6200e+00
1.4211e+02, 6.7375e+00
1.4217e+02, 6.8594e+00
1.4223e+02, 6.9855e+00
1.4229e+02, 7.1160e+00
1.4235e+02, 7.2511e+00
1.4239e+02, 7.3398e+00
1.4243e+02, 7.4304e+00
1.4247e+02, 7.5232e+00
1.4251e+02, 7.6180e+00
1.4255e+02, 7.7153e+00
1.4259e+02, 7.8146e+00
1.4262e+02, 7.9163e+00
1.4266e+02, 8.0204e+00
1.4269e+02, 8.1042e+00
1.4272e+02, 8.1893e+00
1.4275e+02, 8.2764e+00
1.4278e+02, 8.3648e+00
1.4282e+02, 8.4552e+00
1.4285e+02, 8.5471e+00
1.4288e+02, 8.6408e+00
1.4291e+02, 8.7363e+00
1.4294e+02, 8.8340e+00
1.4297e+02, 8.9333e+00
1.4300e+02, 9.0346e+00
1.4303e+02, 9.1380e+00
1.4306e+02, 9.2438e+00
1.4309e+02, 9.3514e+00
1.4315e+02, 9.5733e+00
1.4319e+02, 9.7198e+00
1.4323e+02, 9.8698e+00
1.4327e+02, 1.0024e+01
1.4331e+02, 1.0182e+01
1.4338e+02, 1.0513e+01
1.4346e+02, 1.0862e+01
1.4354e+02, 1.1231e+01
1.4362e+02, 1.1621e+01
1.4369e+02, 1.2036e+01
1.4377e+02, 1.2474e+01
1.4383e+02, 1.2839e+01
1.4389e+02, 1.3221e+01
1.4395e+02, 1.3622e+01
1.4401e+02, 1.4044e+01
1.4414e+02, 1.4955e+01
1.4426e+02, 1.5967e+01
1.4438e+02, 1.7095e+01
1.4450e+02, 1.8357e+01
1.4462e+02, 1.9777e+01
1.4474e+02, 2.1381e+01
1.4487e+02, 2.3205e+01
1.4499e+02, 2.5289e+01
1.4511e+02, 2.7686e+01
1.4523e+02, 3.0459e+01
1.4535e+02, 3.3698e+01
1.4547e+02, 3.7509e+01
1.4560e+02, 4.2043e+01
1.4566e+02, 4.4638e+01
1.4572e+02, 4.7488e+01
1.4582e+02, 5.3135e+01
1.4593e+02, 5.9890e+01
1.4598e+02, 6.3783e+01
1.4603e+02, 6.8083e+01
1.4609e+02, 7.2846e+01
1.4614e+02, 7.8134e+01
1.4619e+02, 8.4051e+01
1.4624e+02, 9.0687e+01
1.4630e+02, 9.8170e+01
1.4635e+02, 1.0663e+02
1.4640e+02, 1.1630e+02
1.4645e+02, 1.2738e+02
1.4651e+02, 1.4020e+02
1.4656e+02, 1.5511e+02
1.4662e+02, 1.7570e+02
1.4668e+02, 2.0081e+02
1.4674e+02, 2.3181e+02
1.4677e+02, 2.5004e+02
1.4680e+02, 2.7048e+02
1.4683e+02, 2.9353e+02
1.4686e+02, 3.1941e+02
1.4689e+02, 3.4862e+02
1.4692e+02, 3.8160e+02
1.4695e+02, 4.1899e+02
1.4699e+02, 4.6107e+02
1.4702e+02, 5.0852e+02
1.4705e+02, 5.6186e+02
1.4709e+02, 6.4510e+02
1.4713e+02, 7.4127e+02
1.4717e+02, 8.5091e+02
1.4721e+02, 9.7381e+02
1.4725e+02, 1.1088e+03
1.4729e+02, 1.2534e+03
1.4738e+02, 1.5550e+03
1.4744e+02, 1.7720e+03
1.4750e+02, 1.9513e+03
1.4757e+02, 2.0700e+03
1.4763e+02, 2.1111e+03
1.4768e+02, 2.0841e+03
1.4773e+02, 2.0071e+03
1.4778e+02, 1.8869e+03
1.4783e+02, 1.7344e+03
1.4803e+02, 1.0325e+03
1.4809e+02, 8.5663e+02
1.4814e+02, 7.0633e+02
1.4820e+02, 5.8197e+02
1.4823e+02, 5.2890e+02
1.4826e+02, 4.8137e+02
1.4829e+02, 4.3894e+02
1.4832e+02, 4.0113e+02
1.4835e+02, 3.6747e+02
1.4838e+02, 3.3751e+02
1.4843e+02, 2.8706e+02
1.4849e+02, 2.4683e+02
1.4854e+02, 2.1850e+02
1.4859e+02, 1.9483e+02
1.4864e+02, 1.7491e+02
1.4869e+02, 1.5801e+02
1.4874e+02, 1.4352e+02
1.4879e+02, 1.3101e+02
1.4884e+02, 1.2015e+02
1.4889e+02, 1.1066e+02
1.4899e+02, 9.4908e+01
1.4909e+02, 8.2492e+01
1.4919e+02, 7.2525e+01
1.4929e+02, 6.4431e+01
1.4939e+02, 5.7769e+01
1.4949e+02, 5.2239e+01
1.4959e+02, 4.7608e+01
1.4969e+02, 4.3705e+01
1.4979e+02, 4.0389e+01
1.4989e+02, 3.7566e+01
1.5000e+02, 3.5157e+01
1.5010e+02, 3.3106e+01
1.5030e+02, 2.9897e+01
1.5050e+02, 2.7673e+01
1.5070e+02, 2.6276e+01
1.5090e+02, 2.5635e+01
1.5101e+02, 2.5606e+01
1.5113e+02, 2.5841e+01
1.5124e+02, 2.6366e+01
1.5136e+02, 2.7220e+01
1.5148e+02, 2.8461e+01
1.5153e+02, 2.9251e+01
1.5159e+02, 3.0170e+01
1.5165e+02, 3.1235e+01
1.5171e+02, 3.2463e+01
1.5177e+02, 3.3879e+01
1.5180e+02, 3.4666e+01
1.5182e+02, 3.5507e+01
1.5185e+02, 3.6247e+01
1.5187e+02, 3.7027e+01
1.5190e+02, 3.7854e+01
1.5192e+02, 3.8732e+01
1.5194e+02, 3.9668e+01
1.5197e+02, 4.0658e+01
1.5199e+02, 4.1710e+01
1.5201e+02, 4.2829e+01
1.5204e+02, 4.3885e+01
1.5206e+02, 4.5002e+01
1.5208e+02, 4.6185e+01
1.5210e+02, 4.7438e+01
1.5212e+02, 4.8766e+01
1.5214e+02, 5.0175e+01
1.5216e+02, 5.1672e+01
1.5218e+02, 5.3256e+01
1.5221e+02, 5.5612e+01
1.5224e+02, 5.8186e+01
1.5227e+02, 6.1004e+01
1.5230e+02, 6.4100e+01
1.5233e+02, 6.7510e+01
1.5236e+02, 7.1280e+01
1.5239e+02, 7.5463e+01
1.5241e+02, 8.0105e+01
1.5244e+02, 8.5316e+01
1.5247e+02, 9.1173e+01
1.5250e+02, 9.7789e+01
1.5253e+02, 1.0530e+02
1.5256e+02, 1.1387e+02
1.5259e+02, 1.2370e+02
1.5262e+02, 1.3502e+02
1.5265e+02, 1.4812e+02
1.5268e+02, 1.6333e+02
1.5270e+02, 1.8105e+02
1.5273e+02, 2.0171e+02
1.5276e+02, 2.2582e+02
1.5279e+02, 2.5392e+02
1.5282e+02, 2.8660e+02
1.5285e+02, 3.2444e+02
1.5288e+02, 3.6803e+02
1.5291e+02, 4.1790e+02
1.5294e+02, 4.7445e+02
1.5297e+02, 5.3796e+02
1.5299e+02, 6.0846e+02
1.5302e+02, 6.8572e+02
1.5305e+02, 7.6918e+02
1.5311e+02, 9.5016e+02
1.5323e+02, 1.3261e+03
1.5329e+02, 1.4763e+03
1.5332e+02, 1.5324e+03
1.5335e+02, 1.5728e+03
1.5340e+02, 1.6018e+03
1.5342e+02, 1.5982e+03
1.5347e+02, 1.5549e+03
1.5352e+02, 1.4671e+03
1.5356e+02, 1.3437e+03
1.5361e+02, 1.1965e+03
1.5369e+02, 9.5490e+02
1.5376e+02, 7.2594e+02
1.5380e+02, 6.2411e+02
1.5384e+02, 5.3312e+02
1.5387e+02, 4.5352e+02
1.5391e+02, 3.8531e+02
1.5394e+02, 3.3773e+02
1.5397e+02, 2.9650e+02
1.5400e+02, 2.6099e+02
1.5403e+02, 2.3054e+02
1.5406e+02, 2.0453e+02
1.5409e+02, 1.8232e+02
1.5412e+02, 1.6336e+02
1.5415e+02, 1.4715e+02
1.5418e+02, 1.3325e+02
1.5421e+02, 1.2128e+02
1.5424e+02, 1.1092e+02
1.5427e+02, 1.0192e+02
1.5430e+02, 9.4055e+01
1.5433e+02, 8.7136e+01
1.5439e+02, 7.5583e+01
1.5445e+02, 6.6363e+01
1.5451e+02, 5.8868e+01
1.5457e+02, 5.2676e+01
1.5463e+02, 4.7489e+01
1.5469e+02, 4.3093e+01
1.5475e+02, 3.9329e+01
1.5481e+02, 3.6075e+01
1.5487e+02, 3.3240e+01
1.5499e+02, 2.8556e+01
1.5511e+02, 2.4863e+01
1.5523e+02, 2.1895e+01
1.5535e+02, 1.9471e+01
1.5548e+02, 1.7356e+01
1.5560e+02, 1.5601e+01
1.5573e+02, 1.4127e+01
1.5586e+02, 1.2876e+01
1.5598e+02, 1.1801e+01
1.5611e+02, 1.0866e+01
1.5637e+02, 9.3303e+00
1.5662e+02, 8.1286e+00
1.5687e+02, 7.1694e+00
1.5713e+02, 6.3888e+00
1.5738e+02, 5.7436e+00
1.5765e+02, 5.1752e+00
1.5792e+02, 4.6988e+00
1.5819e+02, 4.2963e+00
1.5846e+02, 3.9474e+00
1.5872e+02, 3.6424e+00
1.5899e+02, 3.3755e+00
1.5953e+02, 2.9321e+00
1.6007e+02, 2.5796e+00
1.6060e+02, 2.2936e+00
1.6114e+02, 2.0576e+00
1.6167e+02, 1.8601e+00
1.6247e+02, 1.6225e+00
1.6326e+02, 1.4341e+00
1.6405e+02, 1.2778e+00
1.6484e+02, 1.1481e+00
1.6563e+02, 1.0390e+00
1.6642e+02, 9.4625e-01
1.6721e+02, 8.7292e-01
1.6731e+02, 8.8808e-01
1.6736e+02, 9.1611e-01
1.6741e+02, 9.7310e-01
1.6743e+02, 1.0184e+00
1.6746e+02, 1.0793e+00
1.6748e+02, 1.1597e+00
1.6751e+02, 1.2644e+00
1.6753e+02, 1.3989e+00
1.6756e+02, 1.5693e+00
1.6758e+02, 1.7824e+00
1.6760e+02, 2.0455e+00
1.6763e+02, 2.3676e+00
1.6765e+02, 2.7538e+00
1.6768e+02, 3.2128e+00
1.6770e+02, 3.7515e+00
1.6773e+02, 4.3760e+00
1.6775e+02, 5.0909e+00
1.6778e+02, 5.8994e+00
1.6780e+02, 6.8023e+00
1.6783e+02, 7.7985e+00
1.6785e+02, 8.8840e+00
1.6790e+02, 1.1295e+01
1.6800e+02, 1.6743e+01
1.6800e+02, 3.2677e+01
1.7000e+02, 3.2382e+01
2.0000e+02, 2.8573e+01
2.3000e+02, 2.5636e+01
2.5000e+02, 2.3857e+01
3.0000e+02, 2.0316e+01
3.5000e+02, 1.7981e+01
4.0000e+02, 1.6166e+01
5.0000e+02, 1.3522e+01
6.0000e+02, 1.1675e+01
7.2000e+02, 1.0075e+01
8.0000e+02, 9.2503e+00
1.0000e+03, 7.7171e+00
1.2500e+03, 6.4407e+00
1.5000e+03, 5.5578e+00
1.7000e+03, 5.0322e+00
2.0000e+03, 4.4278e+00
2.5000e+03, 3.7151e+00
3.0000e+03, 3.2269e+00
3.5000e+03, 2.8733e+00
4.0000e+03, 2.6043e+00
5.0000e+03, 2.2247e+00
6.0000e+03, 1.9679e+00
7.2000e+03, 1.7515e+00
8.0000e+03, 1.6432e+00
1.0000e+04, 1.4520e+00
1.2500e+04, 1.2928e+00
1.5000e+04, 1.1883e+00
1.7000e+04, 1.1233e+00
2.0000e+04, 1.0510e+00
2.5000e+04, 9.4584e-01
3.0000e+04, 8.7269e-01
3.5000e+04, 8.1483e-01
4.0000e+04, 7.6894e-01
5.0000e+04, 6.9933e-01
5.0000e+04, 7.7054e-01
7.0000e+04, 7.1321e-01
8.0764e+04, 6.6717e-01
9.1528e+04, 6.2934e-01
9.2587e+04, 6.2598e-01
9.3646e+04, 6.2266e-01
9.5764e+04, 6.1620e-01
1.0000e+05, 6.0388e-01
1.0500e+05, 5.9157e-01
1.1000e+05, 5.8006e-01
1.1364e+05, 5.7213e-01
1.2339e+05, 5.5259e-01
1.3000e+05, 5.4055e-01
1.4185e+05, 5.2100e-01
1.5000e+05, 5.0886e-01
1.6307e+05, 4.9122e-01
1.7298e+05, 4.7913e-01
1.8000e+05, 4.7115e-01
2.0000e+05, 4.5065e-01
2.1551e+05, 4.3666e-01
2.5000e+05, 4.1013e-01
2.5112e+05, 4.0935e-01
2.7032e+05, 3.9682e-01
2.9186e+05, 3.8418e-01
2.9922e+05, 3.8016e-01
2.9923e+05, 3.8016e-01
3.0000e+05, 3.7974e-01
3.0417e+05, 3.7894e-01
3.0834e+05, 3.7816e-01
3.1033e+05, 3.7779e-01
3.2313e+05, 3.7547e-01
3.3960e+05, 3.7264e-01
3.5836e+05, 3.6961e-01
3.7711e+05, 3.6675e-01
4.0000e+05, 3.6348e-01
4.0886e+05, 3.6227e-01
4.1183e+05, 3.6187e-01
4.2913e+05, 3.5961e-01
4.4107e+05, 3.5811e-01
5.0000e+05, 3.5135e-01
5.1100e+05, 3.5159e-01
5.2132e+05, 3.5182e-01
5.5836e+05, 3.5260e-01
5.7073e+05, 3.5285e-01
5.9467e+05, 3.5332e-01
6.0000e+05, 3.5342e-01
6.0042e+05, 3.5343e-01
6.0784e+05, 3.5357e-01
6.1193e+05, 3.5365e-01
6.2038e+05, 3.5380e-01
6.3476e+05, 3.5407e-01
6.3578e+05, 3.5408e-01
6.4449e+05, 3.5424e-01
6.7225e+05, 3.5472e-01
7.0000e+05, 3.5519e-01
7.1254e+05, 3.5550e-01
7.3135e+05, 3.5596e-01
7.5015e+05, 3.5642e-01
7.9903e+05, 3.5754e-01
8.0000e+05, 3.5756e-01
8.1029e+05, 3.5779e-01
8.3300e+05, 3.5828e-01
8.4262e+05, 3.5849e-01
8.5223e+05, 3.5869e-01
8.5308e+05, 3.5871e-01
8.7510e+05, 3.5917e-01
8.7798e+05, 3.5923e-01
8.8783e+05, 3.5943e-01
9.0000e+05, 3.5967e-01
9.0542e+05, 3.5978e-01
9.1742e+05, 3.6002e-01
9.2941e+05, 3.6025e-01
9.5340e+05, 3.6071e-01
1.0000e+06, 3.6157e-01
1.0037e+06, 3.6178e-01
1.0091e+06, 3.6208e-01
1.0645e+06, 3.6511e-01
1.0684e+06, 3.6532e-01
1.0684e+06, 3.6532e-01
1.0760e+06, 3.6573e-01
1.0900e+06, 3.6647e-01
1.1190e+06, 3.6797e-01
1.1480e+06, 3.6945e-01
1.1539e+06, 3.6974e-01
1.1565e+06, 3.6987e-01
1.1813e+06, 3.7110e-01
1.1898e+06, 3.7152e-01
1.2061e+06, 3.7230e-01
1.2064e+06, 3.7232e-01
1.2336e+06, 3.7362e-01
1.2339e+06, 3.7363e-01
1.2339e+06, 3.7363e-01
1.2500e+06, 3.7439e-01
1.2548e+06, 3.7326e-01
1.2673e+06, 3.7038e-01
1.2838e+06, 3.6665e-01
1.2982e+06, 3.6347e-01
1.3006e+06, 3.6295e-01
1.3110e+06, 3.6070e-01
1.3163e+06, 3.5956e-01
1.3173e+06, 3.5934e-01
1.3208e+06, 3.5859e-01
1.3270e+06, 3.5728e-01
1.3271e+06, 3.5728e-01
1.3299e+06, 3.5668e-01
1.3442e+06, 3.5370e-01
1.3443e+06, 3.5370e-01
1.3490e+06, 3.5273e-01
1.3701e+06, 3.4847e-01
1.3718e+06, 3.4813e-01
1.3821e+06, 3.4610e-01
1.3873e+06, 3.4509e-01
1.4028e+06, 3.4210e-01
1.4171e+06, 3.3940e-01
1.4336e+06, 3.3635e-01
1.4421e+06, 3.3478e-01
1.4513e+06, 3.3313e-01
1.4520e+06, 3.3301e-01
1.4541e+06, 3.3263e-01
1.4573e+06, 3.3206e-01
1.4573e+06, 3.3205e-01
1.4779e+06, 3.2844e-01
1.4874e+06, 3.2679e-01
1.5000e+06, 3.2464e-01
1.5046e+06, 3.2399e-01
1.5051e+06, 3.2392e-01
1.5121e+06, 3.2294e-01
1.5222e+06, 3.2154e-01
1.5479e+06, 3.1804e-01
1.5702e+06, 3.1509e-01
1.5754e+06, 3.1440e-01
1.5867e+06, 3.1293e-01
1.6106e+06, 3.0989e-01
1.6166e+06, 3.0914e-01
1.6355e+06, 3.0680e-01
1.6355e+06, 3.0680e-01
1.6493e+06, 3.0512e-01
1.6528e+06, 3.0470e-01
1.6583e+06, 3.0404e-01
1.6583e+06, 3.0404e-01
1.6819e+06, 3.0124e-01
1.7144e+06, 2.9750e-01
1.7200e+06, 2.9686e-01
1.7320e+06, 2.9552e-01
1.7500e+06, 2.9353e-01
1.7776e+06, 2.9131e-01
1.7963e+06, 2.8983e-01
1.8040e+06, 2.8924e-01
1.8294e+06, 2.8728e-01
1.8506e+06, 2.8568e-01
1.9253e+06, 2.8025e-01
2.0000e+06, 2.7513e-01
2.1250e+06, 2.5865e-01
2.2500e+06, 2.4401e-01
2.3750e+06, 2.3093e-01
2.5000e+06, 2.1917e-01
2.5276e+06, 2.1673e-01
2.7500e+06, 1.9889e-01
2.8750e+06, 1.9008e-01
3.0000e+06, 1.8201e-01
3.1250e+06, 1.5995e-01
3.2500e+06, 1.4128e-01
3.3750e+06, 1.2537e-01
3.5000e+06, 1.1174e-01
3.6250e+06, 9.9998e-02
3.7500e+06, 8.9824e-02
3.8750e+06, 8.0970e-02
4.0000e+06, 7.3229e-02
4.1250e+06, 6.2159e-02
4.2500e+06, 5.3021e-02
4.3750e+06, 4.5436e-02
4.5000e+06, 3.9105e-02
4.6250e+06, 3.3795e-02
4.7500e+06, 2.9320e-02
4.8750e+06, 2.5532e-02
5.0000e+06, 2.2311e-02
5.1250e+06, 1.8865e-02
5.2500e+06, 1.6016e-02
5.3750e+06, 1.3649e-02
5.5000e+06, 1.1675e-02
5.6250e+06, 1.0022e-02
5.7500e+06, 8.6317e-03
5.8750e+06, 7.4582e-03
6.0000e+06, 6.4641e-03
6.1341e+06, 5.5110e-03
6.2756e+06, 4.6745e-03
6.4171e+06, 3.9796e-03
6.5000e+06, 3.6272e-03
6.6250e+06, 3.1613e-03
6.7500e+06, 2.7622e-03
6.8750e+06, 2.4196e-03
7.0000e+06, 2.1245e-03
7.1073e+06, 1.9029e-03
7.2146e+06, 1.7073e-03
7.3218e+06, 1.5343e-03
7.4291e+06, 1.3809e-03
7.5000e+06, 1.2891e-03
7.6250e+06, 1.1437e-03
7.7500e+06, 1.0167e-03
7.8750e+06, 9.0547e-04
8.0000e+06, 8.0789e-04
8.1579e+06, 6.9918e-04
8.3157e+06, 6.0678e-04
8.4736e+06, 5.2799e-04
8.6314e+06, 4.6062e-04
8.7016e+06, 4.3387e-04
8.8157e+06, 3.9400e-04
9.0000e+06, 3.3810e-04
9.1217e+06, 2.9191e-04
9.2434e+06, 2.5252e-04
9.3651e+06, 2.1886e-04
9.4868e+06, 1.9004e-04
9.6151e+06, 1.6408e-04
9.7434e+06, 1.4194e-04
9.8717e+06, 1.2302e-04
1.0000e+07, 1.0682e-04
1.0122e+07, 9.2714e-05
1.0244e+07, 8.0610e-05
1.0366e+07, 7.0202e-05
1.0488e+07, 6.1237e-05
1.0616e+07, 5.3152e-05
1.0744e+07, 4.6214e-05
1.0872e+07, 4.0247e-05
1.1000e+07, 3.5108e-05
1.1125e+07, 3.1239e-05
1.1250e+07, 2.7833e-05
1.1375e+07, 2.4830e-05
1.1500e+07, 2.2179e-05
1.1625e+07, 1.9835e-05
1.1750e+07, 1.7760e-05
1.1875e+07, 1.5920e-05
1.2000e+07, 1.4288e-05
1.2250e+07, 1.1966e-05
1.2500e+07, 1.0057e-05
1.2750e+07, 8.4818e-06
1.3000e+07, 7.1771e-06
1.3250e+07, 6.2465e-06
1.3500e+07, 5.4507e-06
1.3750e+07, 4.7682e-06
1.4000e+07, 4.1812e-06
1.4250e+07, 3.7532e-06
1.4500e+07, 3.3753e-06
1.4750e+07, 3.0409e-06
1.5000e+07, 2.7445e-06
1.5327e+07, 2.4624e-06
1.5654e+07, 2.2143e-06
1.5750e+07, 2.1473e-06
1.6000e+07, 1.9834e-06
1.6500e+07, 1.7312e-06
1.7000e+07, 1.5173e-06
1.7500e+07, 1.3448e-06
1.8000e+07, 1.1959e-06
1.8500e+07, 1.0756e-06
1.9000e+07, 9.7012e-07
1.9500e+07, 8.8320e-07
2.0000e+07, 8.0598e-07
