ebin, xs
1.0000e-05, 3.1980e+02
1.0625e-05, 3.1025e+02
1.1250e-05, 3.0151e+02
1.1875e-05, 2.9347e+02
1.2500e-05, 2.8604e+02
1.3750e-05, 2.7273e+02
1.5000e-05, 2.6112e+02
1.6250e-05, 2.5087e+02
1.7500e-05, 2.4175e+02
1.8750e-05, 2.3355e+02
2.0000e-05, 2.2613e+02
2.1875e-05, 2.1623e+02
2.3750e-05, 2.0751e+02
2.5625e-05, 1.9978e+02
2.7500e-05, 1.9285e+02
2.9375e-05, 1.8659e+02
3.1250e-05, 1.8091e+02
3.3125e-05, 1.7571e+02
3.5000e-05, 1.7094e+02
3.8750e-05, 1.6246e+02
4.2500e-05, 1.5513e+02
4.6250e-05, 1.4870e+02
5.0000e-05, 1.4302e+02
5.3125e-05, 1.3875e+02
5.6250e-05, 1.3484e+02
5.9375e-05, 1.3124e+02
6.2500e-05, 1.2792e+02
6.8750e-05, 1.2197e+02
7.5000e-05, 1.1678e+02
8.1250e-05, 1.1219e+02
8.7500e-05, 1.0811e+02
9.3750e-05, 1.0445e+02
1.0000e-04, 1.0113e+02
1.0625e-04, 9.8111e+01
1.1250e-04, 9.5346e+01
1.1875e-04, 9.2803e+01
1.2500e-04, 9.0454e+01
1.3750e-04, 8.6244e+01
1.5000e-04, 8.2572e+01
1.6250e-04, 7.9333e+01
1.7500e-04, 7.6447e+01
1.8750e-04, 7.3855e+01
2.0000e-04, 7.1510e+01
2.1875e-04, 6.8376e+01
2.3750e-04, 6.5622e+01
2.5625e-04, 6.3175e+01
2.7500e-04, 6.0984e+01
2.9375e-04, 5.9005e+01
3.1250e-04, 5.7208e+01
3.3125e-04, 5.5565e+01
3.5000e-04, 5.4056e+01
3.8750e-04, 5.1374e+01
4.2500e-04, 4.9055e+01
4.6250e-04, 4.7024e+01
5.0000e-04, 4.5226e+01
5.3125e-04, 4.3876e+01
5.6250e-04, 4.2640e+01
5.9375e-04, 4.1503e+01
6.2500e-04, 4.0452e+01
6.8750e-04, 3.8569e+01
7.5000e-04, 3.6927e+01
8.1250e-04, 3.5478e+01
8.7500e-04, 3.4188e+01
9.3750e-04, 3.3029e+01
1.0000e-03, 3.1980e+01
1.0625e-03, 3.1025e+01
1.1250e-03, 3.0151e+01
1.1875e-03, 2.9347e+01
1.2500e-03, 2.8603e+01
1.3750e-03, 2.7272e+01
1.5000e-03, 2.6111e+01
1.6250e-03, 2.5087e+01
1.7500e-03, 2.4174e+01
1.8750e-03, 2.3355e+01
2.0000e-03, 2.2613e+01
2.1875e-03, 2.1622e+01
2.3750e-03, 2.0751e+01
2.5625e-03, 1.9977e+01
2.7500e-03, 1.9284e+01
2.9375e-03, 1.8659e+01
3.1250e-03, 1.8090e+01
3.3125e-03, 1.7571e+01
3.5000e-03, 1.7094e+01
3.8750e-03, 1.6245e+01
4.2500e-03, 1.5512e+01
4.6250e-03, 1.4870e+01
5.0000e-03, 1.4301e+01
5.3125e-03, 1.3874e+01
5.6250e-03, 1.3483e+01
5.9375e-03, 1.3123e+01
6.2500e-03, 1.2791e+01
6.8750e-03, 1.2196e+01
7.5000e-03, 1.1676e+01
8.1250e-03, 1.1218e+01
8.7500e-03, 1.0810e+01
9.3750e-03, 1.0443e+01
1.0000e-02, 1.0111e+01
1.0625e-02, 9.8094e+00
1.1250e-02, 9.5330e+00
1.1875e-02, 9.2787e+00
1.2500e-02, 9.0437e+00
1.3750e-02, 8.6228e+00
1.5000e-02, 8.2556e+00
1.6250e-02, 7.9314e+00
1.7500e-02, 7.6426e+00
1.8750e-02, 7.3831e+00
2.0000e-02, 7.1484e+00
2.1325e-02, 6.9225e+00
2.2650e-02, 6.7168e+00
2.3975e-02, 6.5284e+00
2.5300e-02, 6.3550e+00
2.6844e-02, 6.1695e+00
2.8387e-02, 5.9995e+00
3.1475e-02, 5.6978e+00
3.4563e-02, 5.4373e+00
3.7650e-02, 5.2094e+00
4.0738e-02, 5.0077e+00
4.3825e-02, 4.8277e+00
4.6913e-02, 4.6658e+00
5.0000e-02, 4.5191e+00
5.3125e-02, 4.3840e+00
5.6250e-02, 4.2604e+00
5.9375e-02, 4.1467e+00
6.2500e-02, 4.0418e+00
6.8750e-02, 3.8537e+00
7.5000e-02, 3.6892e+00
8.1250e-02, 3.5440e+00
8.7500e-02, 3.4146e+00
9.3750e-02, 3.2984e+00
1.0000e-01, 3.1933e+00
1.0625e-01, 3.0976e+00
1.1250e-01, 3.0101e+00
1.1875e-01, 2.9297e+00
1.2500e-01, 2.8556e+00
1.3750e-01, 2.7225e+00
1.5000e-01, 2.6061e+00
1.6250e-01, 2.5032e+00
1.7500e-01, 2.4116e+00
1.8750e-01, 2.3295e+00
2.0000e-01, 2.2553e+00
2.1875e-01, 2.1560e+00
2.3750e-01, 2.0685e+00
2.5625e-01, 1.9908e+00
2.7500e-01, 1.9212e+00
2.9375e-01, 1.8583e+00
3.1250e-01, 1.8012e+00
3.3125e-01, 1.7490e+00
3.5000e-01, 1.7014e+00
3.8750e-01, 1.6164e+00
4.2500e-01, 1.5426e+00
5.0000e-01, 1.4209e+00
6.2500e-01, 1.2687e+00
7.5000e-01, 1.1560e+00
8.7500e-01, 1.0687e+00
1.0000e+00, 9.9812e-01
1.2500e+00, 8.8956e-01
1.5000e+00, 8.0925e-01
1.7500e+00, 7.4682e-01
2.0000e+00, 6.9631e-01
2.3750e+00, 6.3582e-01
2.7500e+00, 5.8805e-01
3.1250e+00, 5.4891e-01
3.5000e+00, 5.1613e-01
4.2500e+00, 4.6387e-01
5.0000e+00, 4.2365e-01
5.6250e+00, 3.9634e-01
6.2500e+00, 3.7310e-01
7.5000e+00, 3.3545e-01
8.7500e+00, 3.0602e-01
1.0000e+01, 2.8217e-01
1.1250e+01, 2.6229e-01
1.2500e+01, 2.4543e-01
1.5000e+01, 2.1820e-01
1.7500e+01, 1.9706e-01
2.0000e+01, 1.8010e-01
2.3750e+01, 1.6008e-01
2.7500e+01, 1.4468e-01
3.1250e+01, 1.3255e-01
3.5000e+01, 1.2292e-01
3.8750e+01, 1.1525e-01
4.2500e+01, 1.0923e-01
4.6250e+01, 1.0466e-01
5.0000e+01, 1.0141e-01
5.6250e+01, 9.8889e-02
5.9375e+01, 9.9069e-02
6.2500e+01, 1.0037e-01
6.5625e+01, 1.0298e-01
6.8750e+01, 1.0719e-01
7.1875e+01, 1.1344e-01
7.5000e+01, 1.2242e-01
7.8125e+01, 1.3512e-01
7.9688e+01, 1.4336e-01
8.1250e+01, 1.5329e-01
8.2812e+01, 1.6527e-01
8.4375e+01, 1.7985e-01
8.5938e+01, 1.9775e-01
8.7500e+01, 2.1998e-01
8.8770e+01, 2.4235e-01
9.0039e+01, 2.6980e-01
9.1309e+01, 3.0238e-01
9.2578e+01, 3.4422e-01
9.3848e+01, 3.9744e-01
9.4482e+01, 4.2970e-01
9.5117e+01, 4.6677e-01
9.5752e+01, 5.0960e-01
9.6387e+01, 5.5934e-01
9.7021e+01, 6.1755e-01
9.7656e+01, 6.8639e-01
9.8242e+01, 7.6193e-01
9.8828e+01, 8.5184e-01
9.9414e+01, 9.5747e-01
1.0000e+02, 1.0883e+00
1.0048e+02, 1.2193e+00
1.0097e+02, 1.3764e+00
1.0145e+02, 1.5676e+00
1.0194e+02, 1.8021e+00
1.0242e+02, 2.0941e+00
1.0266e+02, 2.2700e+00
1.0290e+02, 2.4699e+00
1.0315e+02, 2.6984e+00
1.0339e+02, 2.9609e+00
1.0363e+02, 3.2647e+00
1.0387e+02, 3.6191e+00
1.0413e+02, 4.0664e+00
1.0439e+02, 4.6042e+00
1.0465e+02, 5.2584e+00
1.0490e+02, 6.0635e+00
1.0516e+02, 7.0699e+00
1.0529e+02, 7.6715e+00
1.0542e+02, 8.3560e+00
1.0555e+02, 9.1401e+00
1.0568e+02, 1.0043e+01
1.0581e+02, 1.1089e+01
1.0594e+02, 1.2312e+01
1.0605e+02, 1.3536e+01
1.0616e+02, 1.4955e+01
1.0627e+02, 1.6615e+01
1.0638e+02, 1.8572e+01
1.0649e+02, 2.0906e+01
1.0655e+02, 2.2248e+01
1.0660e+02, 2.3725e+01
1.0666e+02, 2.5363e+01
1.0671e+02, 2.7180e+01
1.0674e+02, 2.8169e+01
1.0677e+02, 2.9212e+01
1.0680e+02, 3.0317e+01
1.0682e+02, 3.1489e+01
1.0686e+02, 3.2947e+01
1.0689e+02, 3.4510e+01
1.0692e+02, 3.6198e+01
1.0695e+02, 3.8015e+01
1.0697e+02, 3.9354e+01
1.0700e+02, 4.0769e+01
1.0702e+02, 4.2267e+01
1.0704e+02, 4.3848e+01
1.0706e+02, 4.5533e+01
1.0708e+02, 4.7326e+01
1.0711e+02, 4.9235e+01
1.0713e+02, 5.1262e+01
1.0715e+02, 5.3439e+01
1.0717e+02, 5.5770e+01
1.0720e+02, 5.8272e+01
1.0722e+02, 6.0963e+01
1.0724e+02, 6.3864e+01
1.0726e+02, 6.6999e+01
1.0728e+02, 7.0394e+01
1.0731e+02, 7.4063e+01
1.0733e+02, 7.7885e+01
1.0735e+02, 8.2040e+01
1.0737e+02, 8.6565e+01
1.0739e+02, 9.1481e+01
1.0741e+02, 9.6883e+01
1.0743e+02, 1.0277e+02
1.0745e+02, 1.0927e+02
1.0748e+02, 1.1639e+02
1.0750e+02, 1.2426e+02
1.0752e+02, 1.3295e+02
1.0754e+02, 1.4254e+02
1.0756e+02, 1.5308e+02
1.0758e+02, 1.6478e+02
1.0760e+02, 1.7764e+02
1.0762e+02, 1.9192e+02
1.0765e+02, 2.0761e+02
1.0766e+02, 2.2328e+02
1.0768e+02, 2.4038e+02
1.0770e+02, 2.5902e+02
1.0772e+02, 2.7919e+02
1.0774e+02, 3.0122e+02
1.0776e+02, 3.2496e+02
1.0780e+02, 3.7844e+02
1.0784e+02, 4.4025e+02
1.0788e+02, 5.1078e+02
1.0791e+02, 5.9008e+02
1.0795e+02, 6.7781e+02
1.0800e+02, 7.9903e+02
1.0804e+02, 9.1844e+02
1.0809e+02, 1.0417e+03
1.0818e+02, 1.2823e+03
1.0823e+02, 1.4041e+03
1.0828e+02, 1.5025e+03
1.0833e+02, 1.5702e+03
1.0838e+02, 1.6021e+03
1.0840e+02, 1.6041e+03
1.0842e+02, 1.6015e+03
1.0848e+02, 1.5596e+03
1.0854e+02, 1.4709e+03
1.0860e+02, 1.3448e+03
1.0865e+02, 1.1934e+03
1.0878e+02, 8.5481e+02
1.0884e+02, 6.9726e+02
1.0890e+02, 5.5839e+02
1.0893e+02, 4.9677e+02
1.0896e+02, 4.4098e+02
1.0899e+02, 3.9077e+02
1.0902e+02, 3.4595e+02
1.0905e+02, 3.0624e+02
1.0908e+02, 2.7128e+02
1.0912e+02, 2.4066e+02
1.0915e+02, 2.1397e+02
1.0918e+02, 1.9071e+02
1.0921e+02, 1.7061e+02
1.0924e+02, 1.5321e+02
1.0927e+02, 1.3815e+02
1.0930e+02, 1.2510e+02
1.0933e+02, 1.1378e+02
1.0936e+02, 1.0393e+02
1.0939e+02, 9.5338e+01
1.0945e+02, 8.1734e+01
1.0951e+02, 7.1018e+01
1.0957e+02, 6.2417e+01
1.0963e+02, 5.5396e+01
1.0968e+02, 4.9573e+01
1.0974e+02, 4.4678e+01
1.0980e+02, 4.0512e+01
1.0986e+02, 3.6929e+01
1.0992e+02, 3.3821e+01
1.0998e+02, 3.1103e+01
1.1009e+02, 2.6591e+01
1.1021e+02, 2.3018e+01
1.1033e+02, 2.0136e+01
1.1044e+02, 1.7875e+01
1.1055e+02, 1.5983e+01
1.1066e+02, 1.4379e+01
1.1078e+02, 1.3008e+01
1.1089e+02, 1.1824e+01
1.1100e+02, 1.0796e+01
1.1111e+02, 9.8969e+00
1.1122e+02, 9.1060e+00
1.1145e+02, 7.7851e+00
1.1167e+02, 6.7335e+00
1.1189e+02, 5.8825e+00
1.1212e+02, 5.1842e+00
1.1232e+02, 4.6571e+00
1.1252e+02, 4.2075e+00
1.1272e+02, 3.8212e+00
1.1292e+02, 3.4871e+00
1.1312e+02, 3.1947e+00
1.1332e+02, 2.9369e+00
1.1372e+02, 2.5060e+00
1.1413e+02, 2.1636e+00
1.1453e+02, 1.8873e+00
1.1493e+02, 1.6610e+00
1.1533e+02, 1.4734e+00
1.1571e+02, 1.3242e+00
1.1609e+02, 1.1967e+00
1.1647e+02, 1.0870e+00
1.1685e+02, 9.9213e-01
1.1723e+02, 9.1022e-01
1.1761e+02, 8.3790e-01
1.1837e+02, 7.1610e-01
1.1913e+02, 6.1945e-01
1.1989e+02, 5.4152e-01
1.2065e+02, 4.7777e-01
1.2140e+02, 4.2497e-01
1.2212e+02, 3.8313e-01
1.2283e+02, 3.4741e-01
1.2355e+02, 3.1666e-01
1.2426e+02, 2.9001e-01
1.2498e+02, 2.6676e-01
1.2569e+02, 2.4651e-01
1.2712e+02, 2.1264e-01
1.2855e+02, 1.8559e-01
1.2998e+02, 1.6377e-01
1.3141e+02, 1.4590e-01
1.3284e+02, 1.3109e-01
1.3435e+02, 1.1796e-01
1.3587e+02, 1.0695e-01
1.3739e+02, 9.7624e-02
1.3891e+02, 8.9648e-02
1.4043e+02, 8.2882e-02
1.4195e+02, 7.7011e-02
1.4346e+02, 7.1677e-02
1.4498e+02, 6.7091e-02
1.4802e+02, 5.9338e-02
1.5106e+02, 5.3156e-02
1.5409e+02, 4.8141e-02
1.5713e+02, 4.4011e-02
1.5981e+02, 4.0940e-02
1.6249e+02, 3.8296e-02
1.6517e+02, 3.5997e-02
1.6785e+02, 3.4080e-02
1.7321e+02, 3.0687e-02
1.7856e+02, 2.7996e-02
1.8392e+02, 2.5820e-02
1.8928e+02, 2.4032e-02
1.9464e+02, 2.2545e-02
2.0000e+02, 2.1297e-02
2.1250e+02, 1.9089e-02
2.2500e+02, 1.7507e-02
2.3750e+02, 1.6415e-02
2.5000e+02, 1.5644e-02
2.6417e+02, 1.5142e-02
2.7833e+02, 1.4927e-02
2.9155e+02, 1.5026e-02
3.0477e+02, 1.5397e-02
3.1799e+02, 1.6083e-02
3.2460e+02, 1.6501e-02
3.3121e+02, 1.7090e-02
3.4443e+02, 1.8705e-02
3.5104e+02, 1.9783e-02
3.5765e+02, 2.1096e-02
3.6426e+02, 2.2724e-02
3.7087e+02, 2.4820e-02
3.7747e+02, 2.7502e-02
3.8078e+02, 2.8995e-02
3.8408e+02, 3.0807e-02
3.8825e+02, 3.3510e-02
3.9241e+02, 3.6793e-02
3.9657e+02, 4.0836e-02
4.0073e+02, 4.5898e-02
4.0489e+02, 5.2358e-02
4.0697e+02, 5.6178e-02
4.0905e+02, 6.0566e-02
4.1113e+02, 6.5729e-02
4.1321e+02, 7.1752e-02
4.1529e+02, 7.8841e-02
4.1738e+02, 8.7269e-02
4.1933e+02, 9.6749e-02
4.2129e+02, 1.0815e-01
4.2325e+02, 1.2202e-01
4.2521e+02, 1.3916e-01
4.2717e+02, 1.6052e-01
4.2815e+02, 1.7324e-01
4.2913e+02, 1.8784e-01
4.3010e+02, 2.0455e-01
4.3108e+02, 2.2379e-01
4.3206e+02, 2.4609e-01
4.3304e+02, 2.7216e-01
4.3408e+02, 3.0500e-01
4.3512e+02, 3.4456e-01
4.3616e+02, 3.9281e-01
4.3720e+02, 4.5251e-01
4.3824e+02, 5.2750e-01
4.3876e+02, 5.7208e-01
4.3928e+02, 6.2268e-01
4.3980e+02, 6.8092e-01
4.4032e+02, 7.4825e-01
4.4084e+02, 8.2646e-01
4.4137e+02, 9.1794e-01
4.4192e+02, 1.0329e+00
4.4247e+02, 1.1715e+00
4.4302e+02, 1.3407e+00
4.4357e+02, 1.5503e+00
4.4412e+02, 1.8139e+00
4.4439e+02, 1.9717e+00
4.4467e+02, 2.1513e+00
4.4495e+02, 2.3571e+00
4.4522e+02, 2.5947e+00
4.4550e+02, 2.8712e+00
4.4577e+02, 3.1954e+00
4.4606e+02, 3.6026e+00
4.4621e+02, 3.8368e+00
4.4635e+02, 4.0950e+00
4.4650e+02, 4.3810e+00
4.4664e+02, 4.6988e+00
4.4679e+02, 5.0535e+00
4.4686e+02, 5.2467e+00
4.4693e+02, 5.4512e+00
4.4704e+02, 5.7763e+00
4.4715e+02, 6.1324e+00
4.4722e+02, 6.3938e+00
4.4729e+02, 6.6729e+00
4.4737e+02, 6.9714e+00
4.4744e+02, 7.2908e+00
4.4751e+02, 7.6339e+00
4.4758e+02, 8.0030e+00
4.4766e+02, 8.4007e+00
4.4773e+02, 8.8298e+00
4.4781e+02, 9.3720e+00
4.4790e+02, 9.9681e+00
4.4798e+02, 1.0627e+01
4.4807e+02, 1.1358e+01
4.4815e+02, 1.2175e+01
4.4823e+02, 1.3089e+01
4.4832e+02, 1.4122e+01
4.4840e+02, 1.5296e+01
4.4844e+02, 1.5946e+01
4.4849e+02, 1.6643e+01
4.4853e+02, 1.7392e+01
4.4857e+02, 1.8198e+01
4.4861e+02, 1.9072e+01
4.4866e+02, 2.0017e+01
4.4870e+02, 2.1045e+01
4.4874e+02, 2.2161e+01
4.4878e+02, 2.3383e+01
4.4882e+02, 2.4721e+01
4.4887e+02, 2.6190e+01
4.4891e+02, 2.7803e+01
4.4895e+02, 2.9585e+01
4.4899e+02, 3.1551e+01
4.4903e+02, 3.3732e+01
4.4908e+02, 3.6146e+01
4.4912e+02, 3.8834e+01
4.4916e+02, 4.1823e+01
4.4920e+02, 4.5149e+01
4.4924e+02, 4.8843e+01
4.4929e+02, 5.2964e+01
4.4933e+02, 5.7550e+01
4.4937e+02, 6.2650e+01
4.4941e+02, 6.8299e+01
4.4945e+02, 7.4580e+01
4.4950e+02, 8.1532e+01
4.4954e+02, 8.9210e+01
4.4958e+02, 9.7649e+01
4.4962e+02, 1.0694e+02
4.4967e+02, 1.1711e+02
4.4971e+02, 1.2821e+02
4.4975e+02, 1.4025e+02
4.4981e+02, 1.5957e+02
4.4987e+02, 1.8104e+02
4.4993e+02, 2.0465e+02
4.4999e+02, 2.3035e+02
4.5012e+02, 2.8723e+02
4.5024e+02, 3.4938e+02
4.5041e+02, 4.3629e+02
4.5058e+02, 5.1272e+02
4.5066e+02, 5.4159e+02
4.5074e+02, 5.6330e+02
4.5082e+02, 5.7674e+02
4.5090e+02, 5.8123e+02
4.5093e+02, 5.8059e+02
4.5101e+02, 5.7269e+02
4.5109e+02, 5.5613e+02
4.5117e+02, 5.3176e+02
4.5125e+02, 5.0078e+02
4.5137e+02, 4.4896e+02
4.5148e+02, 3.9148e+02
4.5171e+02, 2.7595e+02
4.5180e+02, 2.3201e+02
4.5190e+02, 1.9271e+02
4.5199e+02, 1.5849e+02
4.5209e+02, 1.2951e+02
4.5214e+02, 1.1687e+02
4.5218e+02, 1.0545e+02
4.5223e+02, 9.5145e+01
4.5228e+02, 8.5888e+01
4.5233e+02, 7.7586e+01
4.5237e+02, 7.0193e+01
4.5242e+02, 6.3612e+01
4.5247e+02, 5.7766e+01
4.5255e+02, 4.9071e+01
4.5264e+02, 4.2048e+01
4.5272e+02, 3.6364e+01
4.5280e+02, 3.1749e+01
4.5289e+02, 2.7981e+01
4.5297e+02, 2.4880e+01
4.5305e+02, 2.2305e+01
4.5314e+02, 2.0145e+01
4.5322e+02, 1.8312e+01
4.5330e+02, 1.6745e+01
4.5339e+02, 1.5390e+01
4.5347e+02, 1.4207e+01
4.5364e+02, 1.2246e+01
4.5381e+02, 1.0689e+01
4.5395e+02, 9.5899e+00
4.5409e+02, 8.6591e+00
4.5424e+02, 7.8623e+00
4.5438e+02, 7.1744e+00
4.5452e+02, 6.5751e+00
4.5466e+02, 6.0502e+00
4.5495e+02, 5.1764e+00
4.5524e+02, 4.4826e+00
4.5552e+02, 3.9225e+00
4.5581e+02, 3.4632e+00
4.5610e+02, 3.0812e+00
4.5636e+02, 2.7843e+00
4.5662e+02, 2.5287e+00
4.5688e+02, 2.3068e+00
4.5715e+02, 2.1132e+00
4.5741e+02, 1.9432e+00
4.5767e+02, 1.7932e+00
4.5820e+02, 1.5414e+00
4.5872e+02, 1.3398e+00
4.5925e+02, 1.1758e+00
4.5977e+02, 1.0408e+00
4.6030e+02, 9.2858e-01
4.6082e+02, 8.3392e-01
4.6135e+02, 7.5297e-01
4.6187e+02, 6.8326e-01
4.6240e+02, 6.2299e-01
4.6292e+02, 5.7054e-01
4.6345e+02, 5.2463e-01
4.6450e+02, 4.4844e-01
4.6555e+02, 3.8822e-01
4.6660e+02, 3.3981e-01
4.6764e+02, 3.0032e-01
4.6869e+02, 2.6773e-01
4.6970e+02, 2.4193e-01
4.7070e+02, 2.1984e-01
4.7170e+02, 2.0076e-01
4.7270e+02, 1.8424e-01
4.7371e+02, 1.6994e-01
4.7471e+02, 1.5744e-01
4.7671e+02, 1.3675e-01
4.7872e+02, 1.2048e-01
4.8072e+02, 1.0751e-01
4.8272e+02, 9.6998e-02
4.8473e+02, 8.8446e-02
4.8855e+02, 7.6026e-02
4.9046e+02, 7.1162e-02
4.9236e+02, 6.7119e-02
4.9618e+02, 6.0606e-02
5.0000e+02, 5.5871e-02
5.0543e+02, 5.1368e-02
5.1087e+02, 4.8648e-02
5.1630e+02, 4.7225e-02
5.2174e+02, 4.6866e-02
5.2772e+02, 4.7582e-02
5.3370e+02, 4.9258e-02
5.3967e+02, 5.1936e-02
5.4565e+02, 5.5747e-02
5.5163e+02, 6.0726e-02
5.5761e+02, 6.7282e-02
5.6359e+02, 7.5746e-02
5.6957e+02, 8.6605e-02
5.7364e+02, 9.5951e-02
5.7772e+02, 1.0730e-01
5.8179e+02, 1.2123e-01
5.8587e+02, 1.3853e-01
5.8791e+02, 1.4841e-01
5.8995e+02, 1.5985e-01
5.9198e+02, 1.7279e-01
5.9402e+02, 1.8750e-01
5.9606e+02, 2.0431e-01
5.9810e+02, 2.2364e-01
6.0014e+02, 2.4602e-01
6.0218e+02, 2.7213e-01
6.0421e+02, 3.0285e-01
6.0625e+02, 3.3931e-01
6.0829e+02, 3.8305e-01
6.1033e+02, 4.3615e-01
6.1237e+02, 5.0136e-01
6.1440e+02, 5.8145e-01
6.1542e+02, 6.2978e-01
6.1644e+02, 6.8447e-01
6.1746e+02, 7.4646e-01
6.1797e+02, 7.8069e-01
6.1848e+02, 8.1745e-01
6.1885e+02, 8.4614e-01
6.1923e+02, 8.7638e-01
6.1960e+02, 9.0833e-01
6.1997e+02, 9.4208e-01
6.2035e+02, 9.7780e-01
6.2072e+02, 1.0156e+00
6.2110e+02, 1.0557e+00
6.2147e+02, 1.0982e+00
6.2160e+02, 1.1143e+00
6.2183e+02, 1.1413e+00
6.2205e+02, 1.1692e+00
6.2227e+02, 1.1983e+00
6.2249e+02, 1.2284e+00
6.2271e+02, 1.2597e+00
6.2293e+02, 1.2922e+00
6.2315e+02, 1.3260e+00
6.2337e+02, 1.3611e+00
6.2356e+02, 1.3920e+00
6.2374e+02, 1.4239e+00
6.2393e+02, 1.4569e+00
6.2412e+02, 1.4912e+00
6.2431e+02, 1.5266e+00
6.2449e+02, 1.5633e+00
6.2468e+02, 1.6014e+00
6.2487e+02, 1.6409e+00
6.2505e+02, 1.6820e+00
6.2524e+02, 1.7245e+00
6.2561e+02, 1.8147e+00
6.2599e+02, 1.9122e+00
6.2636e+02, 2.0179e+00
6.2673e+02, 2.1326e+00
6.2711e+02, 2.2575e+00
6.2748e+02, 2.3937e+00
6.2785e+02, 2.5428e+00
6.2823e+02, 2.7063e+00
6.2860e+02, 2.8862e+00
6.2898e+02, 3.0849e+00
6.2935e+02, 3.3049e+00
6.2972e+02, 3.5495e+00
6.3010e+02, 3.8224e+00
6.3047e+02, 4.1283e+00
6.3084e+02, 4.4726e+00
6.3122e+02, 4.8623e+00
6.3159e+02, 5.3054e+00
6.3197e+02, 5.8125e+00
6.3234e+02, 6.3963e+00
6.3271e+02, 7.0735e+00
6.3309e+02, 7.8648e+00
6.3346e+02, 8.7980e+00
6.3383e+02, 9.9086e+00
6.3402e+02, 1.0545e+01
6.3421e+02, 1.1246e+01
6.3439e+02, 1.2019e+01
6.3458e+02, 1.2875e+01
6.3477e+02, 1.3826e+01
6.3495e+02, 1.4888e+01
6.3514e+02, 1.6078e+01
6.3533e+02, 1.7417e+01
6.3558e+02, 1.9532e+01
6.3584e+02, 2.2060e+01
6.3609e+02, 2.5115e+01
6.3622e+02, 2.6888e+01
6.3635e+02, 2.8855e+01
6.3647e+02, 3.1049e+01
6.3660e+02, 3.3504e+01
6.3673e+02, 3.6263e+01
6.3686e+02, 3.9374e+01
6.3698e+02, 4.2902e+01
6.3711e+02, 4.6916e+01
6.3724e+02, 5.1504e+01
6.3737e+02, 5.6761e+01
6.3755e+02, 6.5949e+01
6.3765e+02, 7.1316e+01
6.3774e+02, 7.7280e+01
6.3783e+02, 8.3906e+01
6.3793e+02, 9.1264e+01
6.3802e+02, 9.9421e+01
6.3811e+02, 1.0844e+02
6.3830e+02, 1.2930e+02
6.3849e+02, 1.5413e+02
6.3867e+02, 1.8289e+02
6.3886e+02, 2.1496e+02
6.3915e+02, 2.6707e+02
6.3943e+02, 3.1574e+02
6.3957e+02, 3.3562e+02
6.3972e+02, 3.5082e+02
6.3986e+02, 3.6037e+02
6.4000e+02, 3.6356e+02
6.4019e+02, 3.5786e+02
6.4037e+02, 3.4167e+02
6.4056e+02, 3.1688e+02
6.4074e+02, 2.8615e+02
6.4112e+02, 2.1837e+02
6.4130e+02, 1.8613e+02
6.4149e+02, 1.5707e+02
6.4170e+02, 1.2849e+02
6.4181e+02, 1.1615e+02
6.4192e+02, 1.0508e+02
6.4202e+02, 9.5185e+01
6.4213e+02, 8.6382e+01
6.4224e+02, 7.8567e+01
6.4234e+02, 7.1637e+01
6.4245e+02, 6.5489e+01
6.4256e+02, 6.0042e+01
6.4277e+02, 5.0899e+01
6.4299e+02, 4.3630e+01
6.4320e+02, 3.7792e+01
6.4338e+02, 3.3636e+01
6.4357e+02, 3.0131e+01
6.4375e+02, 2.7146e+01
6.4394e+02, 2.4587e+01
6.4412e+02, 2.2373e+01
6.4431e+02, 2.0447e+01
6.4449e+02, 1.8760e+01
6.4468e+02, 1.7273e+01
6.4504e+02, 1.4785e+01
6.4541e+02, 1.2799e+01
6.4578e+02, 1.1188e+01
6.4615e+02, 9.8651e+00
6.4648e+02, 8.8708e+00
6.4681e+02, 8.0205e+00
6.4714e+02, 7.2878e+00
6.4747e+02, 6.6524e+00
6.4780e+02, 6.0973e+00
6.4813e+02, 5.6092e+00
6.4879e+02, 4.7922e+00
6.4945e+02, 4.1399e+00
6.5011e+02, 3.6120e+00
6.5078e+02, 3.1790e+00
6.5144e+02, 2.8195e+00
6.5202e+02, 2.5506e+00
6.5260e+02, 2.3185e+00
6.5318e+02, 2.1166e+00
6.5377e+02, 1.9400e+00
6.5435e+02, 1.7846e+00
6.5493e+02, 1.6474e+00
6.5610e+02, 1.4179e+00
6.5726e+02, 1.2325e+00
6.5843e+02, 1.0805e+00
6.5959e+02, 9.5493e-01
6.6076e+02, 8.5006e-01
6.6185e+02, 7.6701e-01
6.6294e+02, 6.9557e-01
6.6402e+02, 6.3366e-01
6.6511e+02, 5.7967e-01
6.6620e+02, 5.3229e-01
6.6729e+02, 4.9050e-01
6.6946e+02, 4.2046e-01
6.7164e+02, 3.6530e-01
6.7381e+02, 3.1951e-01
6.7599e+02, 2.8183e-01
6.7816e+02, 2.5050e-01
6.8018e+02, 2.2594e-01
6.8221e+02, 2.0484e-01
6.8423e+02, 1.8653e-01
6.8625e+02, 1.7055e-01
6.8827e+02, 1.5656e-01
6.9029e+02, 1.4427e-01
6.9433e+02, 1.2370e-01
6.9837e+02, 1.0723e-01
7.0241e+02, 9.4206e-02
7.0645e+02, 8.3074e-02
7.1049e+02, 7.3878e-02
7.1422e+02, 6.6825e-02
7.1795e+02, 6.0722e-02
7.2168e+02, 5.5365e-02
7.2541e+02, 5.0705e-02
7.3287e+02, 4.3149e-02
7.4033e+02, 3.7139e-02
7.4778e+02, 3.2409e-02
7.5524e+02, 2.8525e-02
7.6270e+02, 2.5428e-02
7.7016e+02, 2.2733e-02
7.7762e+02, 2.0559e-02
7.8508e+02, 1.8685e-02
7.9254e+02, 1.7056e-02
7.9627e+02, 1.6347e-02
7.9720e+02, 1.6312e-02
7.9767e+02, 1.7693e-02
7.9790e+02, 2.0730e-02
7.9814e+02, 2.8411e-02
7.9837e+02, 4.5854e-02
7.9848e+02, 6.0749e-02
7.9860e+02, 8.1538e-02
7.9872e+02, 1.0986e-01
7.9883e+02, 1.4740e-01
7.9895e+02, 1.9596e-01
7.9907e+02, 2.5710e-01
7.9918e+02, 3.3223e-01
7.9930e+02, 4.2207e-01
7.9942e+02, 5.2693e-01
7.9953e+02, 6.4603e-01
7.9965e+02, 7.7809e-01
7.9977e+02, 9.2057e-01
8.0000e+02, 1.2244e+00
8.0000e+02, 2.4327e+00
9.0000e+02, 2.2445e+00
1.0000e+03, 2.0885e+00
1.1250e+03, 1.9276e+00
1.2500e+03, 1.7942e+00
1.5000e+03, 1.5932e+00
1.7000e+03, 1.4724e+00
2.0000e+03, 1.3355e+00
2.2500e+03, 1.2484e+00
2.5000e+03, 1.1753e+00
3.0000e+03, 1.0692e+00
3.5000e+03, 9.9247e-01
4.0000e+03, 9.3633e-01
5.0000e+03, 8.5260e-01
6.0000e+03, 7.9440e-01
7.0000e+03, 7.5066e-01
8.0000e+03, 7.1630e-01
1.0000e+04, 6.6444e-01
1.2500e+04, 6.1440e-01
1.5000e+04, 5.7941e-01
1.7000e+04, 5.5463e-01
2.0000e+04, 5.2463e-01
2.5000e+04, 4.8662e-01
3.0000e+04, 4.5847e-01
3.5000e+04, 4.3781e-01
4.0000e+04, 4.2153e-01
5.0000e+04, 4.0103e-01
6.0000e+04, 3.9082e-01
7.0000e+04, 3.8642e-01
8.0000e+04, 3.8827e-01
1.0000e+05, 4.0164e-01
1.0000e+05, 2.0157e-01
2.0000e+05, 1.6062e-01
4.0000e+05, 1.4709e-01
4.0000e+05, 1.4709e-01
4.6093e+05, 1.2994e-01
6.0000e+05, 9.0783e-02
8.0000e+05, 7.3693e-02
1.0000e+06, 6.8963e-02
1.0304e+06, 6.7622e-02
1.1340e+06, 6.3045e-02
1.1628e+06, 6.1772e-02
1.2000e+06, 6.0128e-02
1.4000e+06, 5.2378e-02
1.5850e+06, 5.1257e-02
1.6000e+06, 5.1166e-02
1.6753e+06, 4.9997e-02
1.7786e+06, 4.8393e-02
1.7959e+06, 4.8125e-02
1.8000e+06, 4.8061e-02
1.8971e+06, 4.6106e-02
2.0000e+06, 4.4036e-02
2.0034e+06, 4.4018e-02
2.0334e+06, 4.3861e-02
2.2000e+06, 4.2991e-02
2.2631e+06, 4.3024e-02
2.2697e+06, 4.3028e-02
2.3296e+06, 4.3059e-02
2.4000e+06, 4.3096e-02
2.4301e+06, 4.2991e-02
2.4447e+06, 4.2940e-02
2.4750e+06, 4.2833e-02
2.5039e+06, 4.2732e-02
2.5405e+06, 4.2604e-02
2.6000e+06, 4.2396e-02
2.6067e+06, 4.2381e-02
2.8000e+06, 4.1960e-02
3.0000e+06, 4.1037e-02
3.2000e+06, 3.9528e-02
3.4000e+06, 3.7822e-02
3.6000e+06, 3.5694e-02
3.8000e+06, 3.3445e-02
4.0000e+06, 3.1422e-02
4.2000e+06, 2.9089e-02
4.4000e+06, 2.7149e-02
4.4488e+06, 2.6644e-02
4.6000e+06, 2.5079e-02
4.8000e+06, 2.3302e-02
5.0000e+06, 2.1505e-02
5.0266e+06, 2.1299e-02
5.2000e+06, 1.9953e-02
5.4000e+06, 1.8386e-02
5.6000e+06, 1.7068e-02
5.8000e+06, 1.5736e-02
6.0000e+06, 1.4614e-02
6.1656e+06, 1.3708e-02
6.2000e+06, 1.3519e-02
6.4000e+06, 1.2513e-02
6.6000e+06, 1.1637e-02
6.8000e+06, 1.0748e-02
7.0000e+06, 1.0006e-02
7.2000e+06, 9.2844e-03
7.4000e+06, 8.5589e-03
7.6000e+06, 7.9700e-03
7.8000e+06, 7.3418e-03
8.0000e+06, 6.7850e-03
8.2000e+06, 6.3081e-03
8.3404e+06, 5.9405e-03
8.4000e+06, 5.7843e-03
8.6000e+06, 5.3708e-03
8.8000e+06, 4.9704e-03
9.0000e+06, 4.5600e-03
9.2000e+06, 4.2427e-03
9.4000e+06, 3.9245e-03
9.6000e+06, 3.6279e-03
9.8000e+06, 3.3555e-03
1.0000e+07, 3.1280e-03
1.0200e+07, 2.9417e-03
1.0400e+07, 2.7175e-03
1.0600e+07, 2.5560e-03
1.0800e+07, 2.4197e-03
1.1000e+07, 2.2798e-03
1.1200e+07, 2.1682e-03
1.1400e+07, 2.0441e-03
1.1600e+07, 1.9653e-03
1.1800e+07, 1.8891e-03
1.2000e+07, 1.8008e-03
1.2200e+07, 1.7435e-03
1.2238e+07, 1.7302e-03
1.2238e+07, 1.7302e-03
1.2238e+07, 1.7302e-03
1.2400e+07, 1.6733e-03
1.2600e+07, 1.6223e-03
1.2800e+07, 1.5820e-03
1.3000e+07, 1.5404e-03
1.3200e+07, 1.4846e-03
1.3400e+07, 1.4414e-03
1.3600e+07, 1.4097e-03
1.3800e+07, 1.3851e-03
1.4000e+07, 1.3608e-03
1.4200e+07, 1.3165e-03
1.4400e+07, 1.2811e-03
1.4600e+07, 1.2543e-03
1.4800e+07, 1.2324e-03
1.5000e+07, 1.2134e-03
1.5200e+07, 1.1769e-03
1.5400e+07, 1.1425e-03
1.5600e+07, 1.1137e-03
1.5800e+07, 1.0912e-03
1.6000e+07, 1.0696e-03
1.6200e+07, 1.0339e-03
1.6400e+07, 1.0025e-03
1.6600e+07, 9.7550e-04
1.6800e+07, 9.4921e-04
1.7000e+07, 9.2569e-04
1.7200e+07, 8.9002e-04
1.7400e+07, 8.5650e-04
1.7600e+07, 8.2814e-04
1.7800e+07, 8.0498e-04
1.8000e+07, 7.8622e-04
1.8200e+07, 7.5639e-04
1.8400e+07, 7.2620e-04
1.8600e+07, 6.9946e-04
1.8800e+07, 6.7554e-04
1.9000e+07, 6.5615e-04
1.9200e+07, 6.3194e-04
1.9400e+07, 6.0968e-04
1.9600e+07, 5.9055e-04
1.9800e+07, 5.7353e-04
2.0000e+07, 5.5833e-04
