ebin, xs
1.0000e-05, 2.2845e+00
1.0625e-05, 2.2163e+00
1.1250e-05, 2.1539e+00
1.1875e-05, 2.0964e+00
1.2500e-05, 2.0433e+00
1.3750e-05, 1.9482e+00
1.5000e-05, 1.8653e+00
1.6250e-05, 1.7921e+00
1.7500e-05, 1.7269e+00
1.8750e-05, 1.6684e+00
2.0000e-05, 1.6154e+00
2.1875e-05, 1.5446e+00
2.3750e-05, 1.4824e+00
2.5625e-05, 1.4271e+00
2.7500e-05, 1.3776e+00
2.9375e-05, 1.3329e+00
3.1250e-05, 1.2923e+00
3.3125e-05, 1.2552e+00
3.5000e-05, 1.2211e+00
3.8750e-05, 1.1605e+00
4.2500e-05, 1.1081e+00
4.6250e-05, 1.0623e+00
5.0000e-05, 1.0217e+00
5.3125e-05, 9.9116e-01
5.6250e-05, 9.6323e-01
5.9375e-05, 9.3754e-01
6.2500e-05, 9.1380e-01
6.8750e-05, 8.7128e-01
7.5000e-05, 8.3418e-01
8.1250e-05, 8.0146e-01
8.7500e-05, 7.7230e-01
9.3750e-05, 7.4612e-01
1.0000e-04, 7.2242e-01
1.0625e-04, 7.0085e-01
1.1250e-04, 6.8111e-01
1.1875e-04, 6.6294e-01
1.2500e-04, 6.4616e-01
1.3750e-04, 6.1608e-01
1.5000e-04, 5.8986e-01
1.6250e-04, 5.6672e-01
1.7500e-04, 5.4610e-01
1.8750e-04, 5.2758e-01
2.0000e-04, 5.1083e-01
2.1875e-04, 4.8845e-01
2.3750e-04, 4.6877e-01
2.5625e-04, 4.5129e-01
2.7500e-04, 4.3564e-01
2.9375e-04, 4.2150e-01
3.1250e-04, 4.0866e-01
3.3125e-04, 3.9693e-01
3.5000e-04, 3.8615e-01
3.8750e-04, 3.6699e-01
4.2500e-04, 3.5043e-01
4.6250e-04, 3.3592e-01
5.0000e-04, 3.2308e-01
5.3125e-04, 3.1343e-01
5.6250e-04, 3.0460e-01
5.9375e-04, 2.9648e-01
6.2500e-04, 2.8897e-01
6.8750e-04, 2.7552e-01
7.5000e-04, 2.6379e-01
8.1250e-04, 2.5344e-01
8.7500e-04, 2.4422e-01
9.3750e-04, 2.3594e-01
1.0000e-03, 2.2845e-01
1.0625e-03, 2.2163e-01
1.1250e-03, 2.1538e-01
1.1875e-03, 2.0964e-01
1.2500e-03, 2.0433e-01
1.3750e-03, 1.9482e-01
1.5000e-03, 1.8653e-01
1.6250e-03, 1.7921e-01
1.7500e-03, 1.7269e-01
1.8750e-03, 1.6683e-01
2.0000e-03, 1.6154e-01
2.1875e-03, 1.5446e-01
2.3750e-03, 1.4824e-01
2.5625e-03, 1.4271e-01
2.7500e-03, 1.3776e-01
2.9375e-03, 1.3329e-01
3.1250e-03, 1.2923e-01
3.3125e-03, 1.2552e-01
3.5000e-03, 1.2211e-01
3.8750e-03, 1.1605e-01
4.2500e-03, 1.1081e-01
4.6250e-03, 1.0622e-01
5.0000e-03, 1.0216e-01
5.3125e-03, 9.9113e-02
5.6250e-03, 9.6320e-02
5.9375e-03, 9.3751e-02
6.2500e-03, 9.1377e-02
6.8750e-03, 8.7125e-02
7.5000e-03, 8.3415e-02
8.1250e-03, 8.0143e-02
8.7500e-03, 7.7228e-02
9.3750e-03, 7.4609e-02
1.0000e-02, 7.2240e-02
1.0625e-02, 7.0083e-02
1.1250e-02, 6.8108e-02
1.1875e-02, 6.6292e-02
1.2500e-02, 6.4613e-02
1.3750e-02, 6.1606e-02
1.5000e-02, 5.8984e-02
1.6250e-02, 5.6670e-02
1.7500e-02, 5.4608e-02
1.8750e-02, 5.2757e-02
2.0000e-02, 5.1082e-02
2.1325e-02, 4.9469e-02
2.2650e-02, 4.8001e-02
2.3975e-02, 4.6656e-02
2.5300e-02, 4.5418e-02
2.6844e-02, 4.4093e-02
2.8387e-02, 4.2877e-02
3.1475e-02, 4.0720e-02
3.4563e-02, 3.8859e-02
3.7650e-02, 3.7232e-02
4.0738e-02, 3.5793e-02
4.3825e-02, 3.4510e-02
4.6913e-02, 3.3355e-02
5.0000e-02, 3.2309e-02
5.3125e-02, 3.1345e-02
5.6250e-02, 3.0462e-02
5.9375e-02, 2.9649e-02
6.2500e-02, 2.8899e-02
6.8750e-02, 2.7554e-02
7.5000e-02, 2.6381e-02
8.1250e-02, 2.5346e-02
8.7500e-02, 2.4424e-02
9.3750e-02, 2.3596e-02
1.0000e-01, 2.2847e-02
1.0625e-01, 2.2165e-02
1.1250e-01, 2.1541e-02
1.1875e-01, 2.0966e-02
1.2500e-01, 2.0435e-02
1.3750e-01, 1.9485e-02
1.5000e-01, 1.8655e-02
1.6250e-01, 1.7923e-02
1.7500e-01, 1.7271e-02
1.8750e-01, 1.6685e-02
2.0000e-01, 1.6155e-02
2.1875e-01, 1.5447e-02
2.3750e-01, 1.4825e-02
2.5625e-01, 1.4271e-02
2.7500e-01, 1.3776e-02
2.9375e-01, 1.3329e-02
3.1250e-01, 1.2923e-02
3.3125e-01, 1.2552e-02
3.5000e-01, 1.2212e-02
3.8750e-01, 1.1607e-02
4.2500e-01, 1.1083e-02
5.0000e-01, 1.0219e-02
6.2500e-01, 9.1400e-03
7.5000e-01, 8.3423e-03
8.7500e-01, 7.7254e-03
1.0000e+00, 7.2278e-03
1.2500e+00, 6.4629e-03
1.5000e+00, 5.8988e-03
1.7500e+00, 5.4629e-03
2.0000e+00, 5.1104e-03
2.3750e+00, 4.6901e-03
2.7500e+00, 4.3598e-03
3.1250e+00, 4.0889e-03
3.5000e+00, 3.8630e-03
4.2500e+00, 3.5049e-03
5.0000e+00, 3.2317e-03
6.2500e+00, 2.8906e-03
7.5000e+00, 2.6384e-03
8.7500e+00, 2.4431e-03
1.0000e+01, 2.2857e-03
1.2500e+01, 2.0439e-03
1.5000e+01, 1.8655e-03
1.7500e+01, 1.7273e-03
2.0000e+01, 1.6157e-03
2.3750e+01, 1.4826e-03
2.7500e+01, 1.3780e-03
3.1250e+01, 1.2925e-03
3.5000e+01, 1.2212e-03
4.2500e+01, 1.1081e-03
5.0000e+01, 1.0216e-03
6.2500e+01, 9.1369e-04
7.5000e+01, 8.3401e-04
8.7500e+01, 7.7216e-04
1.0000e+02, 7.2219e-04
1.1250e+02, 6.7639e-04
1.2500e+02, 6.3778e-04
1.5000e+02, 5.7609e-04
1.7500e+02, 5.2866e-04
2.0000e+02, 4.9074e-04
2.3750e+02, 4.4589e-04
2.7500e+02, 4.1091e-04
3.1250e+02, 3.8262e-04
3.5000e+02, 3.5918e-04
4.2500e+02, 3.2231e-04
5.0000e+02, 2.9439e-04
6.2500e+02, 2.5995e-04
7.5000e+02, 2.3482e-04
8.7500e+02, 2.1548e-04
1.0000e+03, 2.0007e-04
1.2500e+03, 1.8701e-04
1.5000e+03, 1.7702e-04
1.7500e+03, 1.6900e-04
2.0000e+03, 1.6234e-04
2.7500e+03, 1.4750e-04
3.5000e+03, 1.3717e-04
4.2500e+03, 1.2938e-04
5.0000e+03, 1.2320e-04
6.2500e+03, 1.1520e-04
7.5000e+03, 1.0905e-04
8.7500e+03, 1.0410e-04
1.0000e+04, 9.9992e-05
1.2500e+04, 8.6961e-05
1.5000e+04, 7.7578e-05
1.7500e+04, 7.0440e-05
2.0000e+04, 6.4789e-05
2.7500e+04, 5.3076e-05
3.5000e+04, 4.5636e-05
4.2500e+04, 4.0411e-05
5.0000e+04, 3.6501e-05
5.5000e+04, 3.4590e-05
6.0000e+04, 3.2933e-05
6.5000e+04, 3.1479e-05
7.0000e+04, 3.0191e-05
8.0000e+04, 2.8001e-05
9.0000e+04, 2.6374e-05
1.0000e+05, 2.5000e-05
1.1000e+05, 2.3955e-05
1.2000e+05, 2.3038e-05
1.3000e+05, 2.2226e-05
1.4000e+05, 2.1501e-05
1.5000e+05, 2.1770e-05
1.6000e+05, 2.2026e-05
1.8000e+05, 2.2502e-05
2.0000e+05, 2.5501e-05
2.1000e+05, 2.7902e-05
2.2000e+05, 3.0402e-05
2.3000e+05, 3.2998e-05
2.4000e+05, 3.4497e-05
2.5000e+05, 3.5997e-05
2.6000e+05, 3.7491e-05
2.7000e+05, 3.3698e-05
2.8000e+05, 3.0398e-05
2.9000e+05, 2.7521e-05
3.0000e+05, 2.5000e-05
3.1000e+05, 2.2427e-05
3.2000e+05, 2.0187e-05
3.3000e+05, 1.8230e-05
3.4000e+05, 1.6513e-05
3.5000e+05, 1.5001e-05
3.6000e+05, 1.4050e-05
3.8000e+05, 1.2392e-05
4.0000e+05, 1.1001e-05
4.2500e+05, 1.0088e-05
4.5000e+05, 9.2982e-06
5.0000e+05, 8.0001e-06
5.4628e+05, 6.9572e-06
5.5000e+05, 6.8830e-06
6.0000e+05, 6.0000e-06
6.5000e+05, 5.8310e-06
7.0000e+05, 5.6788e-06
7.5000e+05, 5.5407e-06
8.0000e+05, 5.4145e-06
8.5000e+05, 5.2986e-06
9.0000e+05, 5.1916e-06
9.5000e+05, 5.0924e-06
1.0000e+06, 5.0000e-06
1.0500e+06, 4.9819e-06
1.1000e+06, 4.9646e-06
1.1500e+06, 4.9482e-06
1.2000e+06, 4.9326e-06
1.2500e+06, 4.9176e-06
1.3000e+06, 4.9032e-06
1.4000e+06, 4.8762e-06
1.5000e+06, 4.8512e-06
1.6000e+06, 4.8280e-06
1.7000e+06, 4.8062e-06
1.8000e+06, 4.7858e-06
1.9000e+06, 4.7666e-06
2.0000e+06, 4.7484e-06
2.1000e+06, 4.7312e-06
2.2000e+06, 4.7148e-06
2.3000e+06, 4.6992e-06
2.4000e+06, 4.6843e-06
2.5000e+06, 4.6701e-06
2.6000e+06, 4.6565e-06
2.7000e+06, 4.6434e-06
2.8000e+06, 4.6309e-06
2.8213e+06, 4.6283e-06
2.9000e+06, 4.6188e-06
3.0000e+06, 4.6071e-06
3.1000e+06, 4.5959e-06
3.1454e+06, 4.5909e-06
3.2000e+06, 4.5850e-06
3.3000e+06, 4.5745e-06
3.4000e+06, 4.5644e-06
3.5000e+06, 4.5545e-06
3.6000e+06, 4.5450e-06
3.7000e+06, 4.5357e-06
3.7172e+06, 4.5342e-06
3.7172e+06, 4.5341e-06
3.8000e+06, 4.5267e-06
3.9000e+06, 4.5180e-06
4.0000e+06, 4.5095e-06
4.1000e+06, 4.5012e-06
4.2000e+06, 4.4931e-06
4.2891e+06, 4.4861e-06
4.2891e+06, 4.4861e-06
4.3000e+06, 4.4852e-06
4.4000e+06, 4.4776e-06
4.5000e+06, 4.4701e-06
4.6000e+06, 4.4628e-06
4.7000e+06, 4.4556e-06
4.8000e+06, 4.4486e-06
4.8610e+06, 4.4444e-06
4.8610e+06, 4.4444e-06
4.9000e+06, 4.4418e-06
5.0000e+06, 4.4351e-06
5.1000e+06, 4.4286e-06
5.2000e+06, 4.4222e-06
5.2956e+06, 4.4162e-06
5.3000e+06, 4.4159e-06
5.3500e+06, 4.4128e-06
5.4000e+06, 4.4098e-06
5.4329e+06, 4.4078e-06
5.4500e+06, 4.4067e-06
5.5000e+06, 4.4037e-06
5.5500e+06, 4.4008e-06
5.6000e+06, 4.3978e-06
5.7000e+06, 4.3920e-06
5.8000e+06, 4.3864e-06
5.9000e+06, 4.3808e-06
6.0000e+06, 4.3753e-06
6.0048e+06, 4.3750e-06
6.2500e+06, 4.3620e-06
6.5000e+06, 4.3493e-06
6.5767e+06, 4.3455e-06
6.7500e+06, 4.3371e-06
7.0000e+06, 4.3253e-06
7.1485e+06, 4.3186e-06
7.1485e+06, 4.3186e-06
7.2500e+06, 4.3141e-06
7.5000e+06, 4.3032e-06
7.7204e+06, 4.2939e-06
7.7204e+06, 4.2939e-06
7.7500e+06, 4.2927e-06
8.0000e+06, 4.2825e-06
8.2500e+06, 4.2727e-06
8.2923e+06, 4.2711e-06
8.2923e+06, 4.2711e-06
8.2929e+06, 4.2711e-06
8.5000e+06, 4.2632e-06
8.7500e+06, 4.2540e-06
8.8642e+06, 4.2499e-06
8.8679e+06, 4.2498e-06
9.0000e+06, 4.2451e-06
9.2500e+06, 4.2365e-06
9.4361e+06, 4.2302e-06
9.5000e+06, 4.2281e-06
9.7500e+06, 4.2199e-06
9.9782e+06, 4.2126e-06
1.0000e+07, 4.2119e-06
1.0008e+07, 4.2117e-06
1.0131e+07, 4.2079e-06
1.0254e+07, 4.2041e-06
1.0377e+07, 4.2004e-06
1.0500e+07, 4.1967e-06
1.0580e+07, 4.1943e-06
1.0790e+07, 4.1882e-06
1.1000e+07, 4.1822e-06
1.1152e+07, 4.1779e-06
1.1412e+07, 4.1707e-06
1.1500e+07, 4.1683e-06
1.1724e+07, 4.1623e-06
1.2000e+07, 4.1551e-06
1.2295e+07, 4.1476e-06
1.2296e+07, 4.1476e-06
1.2500e+07, 4.1425e-06
1.2523e+07, 4.1420e-06
1.2523e+07, 4.1420e-06
1.2867e+07, 4.1336e-06
1.2867e+07, 4.1336e-06
1.3000e+07, 4.1304e-06
1.3439e+07, 4.1202e-06
1.3439e+07, 4.1202e-06
1.3500e+07, 4.1188e-06
1.4000e+07, 4.1077e-06
1.4011e+07, 4.1075e-06
1.4011e+07, 4.1075e-06
1.4500e+07, 4.0970e-06
1.4583e+07, 4.0952e-06
1.4583e+07, 4.0952e-06
1.5000e+07, 4.0866e-06
1.5155e+07, 4.0835e-06
1.5500e+07, 4.0767e-06
1.5727e+07, 4.0723e-06
1.6000e+07, 4.0670e-06
1.6299e+07, 4.0614e-06
1.6500e+07, 4.0577e-06
1.6871e+07, 4.0510e-06
1.7000e+07, 4.0487e-06
1.7442e+07, 4.0410e-06
1.7442e+07, 4.0410e-06
1.7500e+07, 4.0400e-06
1.8000e+07, 4.0315e-06
1.8014e+07, 4.0313e-06
1.8014e+07, 4.0313e-06
1.8500e+07, 4.0233e-06
1.8586e+07, 4.0219e-06
1.8586e+07, 4.0219e-06
1.9000e+07, 4.0153e-06
1.9158e+07, 4.0128e-06
1.9158e+07, 4.0128e-06
1.9500e+07, 4.0076e-06
1.9730e+07, 4.0041e-06
2.0000e+07, 4.0000e-06
