ebin, xs
1.0000e-05, 9.5599e-03
1.0625e-05, 9.2745e-03
1.1250e-05, 9.0132e-03
1.1875e-05, 8.7728e-03
1.2500e-05, 8.5507e-03
1.3750e-05, 8.1527e-03
1.5000e-05, 7.8056e-03
1.6250e-05, 7.4994e-03
1.7500e-05, 7.2266e-03
1.8750e-05, 6.9816e-03
2.0000e-05, 6.7599e-03
2.1309e-05, 6.5490e-03
2.2617e-05, 6.3568e-03
2.3926e-05, 6.1805e-03
2.5234e-05, 6.0181e-03
2.7851e-05, 5.7284e-03
3.0469e-05, 5.4768e-03
3.3086e-05, 5.2558e-03
3.5703e-05, 5.0595e-03
3.8320e-05, 4.8836e-03
4.0937e-05, 4.7249e-03
4.3203e-05, 4.5994e-03
4.5469e-05, 4.4833e-03
5.0000e-05, 4.2753e-03
5.3125e-05, 4.1477e-03
5.6250e-05, 4.0308e-03
5.9375e-05, 3.9233e-03
6.2500e-05, 3.8240e-03
6.8750e-05, 3.6460e-03
7.5000e-05, 3.4908e-03
8.1250e-05, 3.3538e-03
8.7500e-05, 3.2318e-03
9.3750e-05, 3.1223e-03
1.0000e-04, 3.0231e-03
1.0625e-04, 2.9328e-03
1.1250e-04, 2.8502e-03
1.1875e-04, 2.7742e-03
1.2500e-04, 2.7040e-03
1.3750e-04, 2.5781e-03
1.5000e-04, 2.4684e-03
1.6250e-04, 2.3715e-03
1.7500e-04, 2.2853e-03
1.8750e-04, 2.2078e-03
2.0000e-04, 2.1377e-03
2.1320e-04, 2.0704e-03
2.2640e-04, 2.0092e-03
2.3960e-04, 1.9530e-03
2.5280e-04, 1.9013e-03
2.7921e-04, 1.8092e-03
3.0561e-04, 1.7293e-03
3.3201e-04, 1.6591e-03
3.5842e-04, 1.5968e-03
3.8482e-04, 1.5411e-03
4.1122e-04, 1.4908e-03
4.5561e-04, 1.4163e-03
5.0000e-04, 1.3520e-03
5.0500e-04, 1.3453e-03
5.2047e-04, 1.3251e-03
5.3594e-04, 1.3059e-03
5.6687e-04, 1.2697e-03
6.2875e-04, 1.2056e-03
6.9063e-04, 1.1504e-03
7.5250e-04, 1.1020e-03
8.1437e-04, 1.0594e-03
8.7625e-04, 1.0213e-03
9.3813e-04, 9.8701e-04
1.0000e-03, 9.5599e-04
1.1250e-03, 9.0132e-04
1.2500e-03, 8.5506e-04
1.3750e-03, 8.1527e-04
1.5000e-03, 7.8056e-04
1.6250e-03, 7.4994e-04
1.7500e-03, 7.2266e-04
1.8750e-03, 6.9816e-04
2.0000e-03, 6.7599e-04
2.2547e-03, 6.3667e-04
2.5094e-03, 6.0349e-04
2.7641e-03, 5.7502e-04
3.0188e-03, 5.5023e-04
3.2734e-03, 5.2839e-04
3.5281e-03, 5.0896e-04
4.0375e-03, 4.7578e-04
4.5188e-03, 4.4973e-04
5.0000e-03, 4.2754e-04
5.6250e-03, 4.0309e-04
6.2500e-03, 3.8241e-04
7.5000e-03, 3.4909e-04
8.7500e-03, 3.2320e-04
1.0000e-02, 3.0232e-04
1.2500e-02, 2.7041e-04
1.5000e-02, 2.4684e-04
1.7500e-02, 2.2853e-04
2.0000e-02, 2.1377e-04
2.5300e-02, 1.9005e-04
3.1475e-02, 1.7037e-04
3.7650e-02, 1.5576e-04
5.0000e-02, 1.3515e-04
6.2500e-02, 1.2087e-04
7.5000e-02, 1.1033e-04
1.0000e-01, 9.5554e-05
1.1900e-01, 8.7609e-05
1.5950e-01, 7.5713e-05
2.0000e-01, 6.7640e-05
2.5092e-01, 6.0408e-05
3.0184e-01, 5.5105e-05
4.0367e-01, 4.7676e-05
5.0000e-01, 4.2865e-05
6.2500e-01, 3.8345e-05
1.0000e+00, 3.0341e-05
1.5000e+00, 2.4868e-05
2.0000e+00, 2.1598e-05
3.0798e+00, 1.7477e-05
4.1596e+00, 1.5084e-05
5.0000e+00, 1.3786e-05
7.5000e+00, 1.1385e-05
1.0000e+01, 9.9380e-06
2.0000e+01, 7.3013e-06
4.2583e+01, 5.4354e-06
5.0000e+01, 5.1358e-06
7.0711e+01, 4.6051e-06
7.0893e+01, 4.6019e-06
7.1348e+01, 4.5946e-06
7.1803e+01, 4.5879e-06
7.2712e+01, 4.5748e-06
7.4531e+01, 4.5486e-06
7.8170e+01, 4.4963e-06
8.5447e+01, 4.4022e-06
1.0000e+02, 4.2421e-06
1.2555e+02, 4.0621e-06
1.2575e+02, 4.0609e-06
1.4116e+02, 3.9733e-06
1.4142e+02, 3.9723e-06
1.4215e+02, 3.9699e-06
1.4288e+02, 3.9682e-06
1.4433e+02, 3.9649e-06
1.4724e+02, 3.9586e-06
1.5307e+02, 3.9464e-06
1.6472e+02, 3.9233e-06
1.8801e+02, 3.8821e-06
1.8812e+02, 3.8819e-06
2.0000e+02, 3.8634e-06
2.2524e+02, 3.8507e-06
2.5047e+02, 3.8398e-06
2.5050e+02, 3.8398e-06
2.7129e+02, 3.8317e-06
2.9208e+02, 3.8244e-06
3.1288e+02, 3.8177e-06
3.6486e+02, 3.8714e-06
4.1683e+02, 3.9409e-06
5.0000e+02, 4.0820e-06
7.5000e+02, 4.3230e-06
1.0000e+03, 4.6377e-06
1.2500e+03, 4.9405e-06
1.5000e+03, 5.2389e-06
1.7500e+03, 5.5736e-06
2.0000e+03, 5.8806e-06
2.2500e+03, 6.1337e-06
2.5000e+03, 6.3687e-06
2.7500e+03, 6.5876e-06
3.0000e+03, 6.7941e-06
3.2500e+03, 7.0158e-06
3.5000e+03, 7.2753e-06
4.0000e+03, 7.7671e-06
4.5000e+03, 8.2276e-06
5.0000e+03, 8.6625e-06
6.2500e+03, 9.5100e-06
7.5000e+03, 1.0319e-05
8.7500e+03, 1.1164e-05
1.0000e+04, 1.1952e-05
1.2500e+04, 1.3178e-05
1.5000e+04, 1.4348e-05
1.7500e+04, 1.5561e-05
2.0000e+04, 1.6694e-05
2.2500e+04, 1.7685e-05
2.5000e+04, 1.8622e-05
2.7500e+04, 1.9514e-05
3.0000e+04, 2.0365e-05
3.2500e+04, 2.1185e-05
3.5000e+04, 2.1974e-05
3.5300e+04, 2.2066e-05
3.6475e+04, 2.2425e-05
3.7650e+04, 2.2779e-05
4.0000e+04, 2.3472e-05
4.5000e+04, 2.4882e-05
5.0000e+04, 2.6217e-05
6.2500e+04, 2.9290e-05
7.5000e+04, 3.2089e-05
8.7500e+04, 3.4663e-05
1.0000e+05, 3.7088e-05
1.1391e+05, 3.9605e-05
1.2500e+05, 4.1537e-05
1.3820e+05, 4.3774e-05
1.5000e+05, 4.5733e-05
1.6536e+05, 4.8185e-05
1.7500e+05, 4.9723e-05
1.8965e+05, 5.2081e-05
2.0000e+05, 5.3781e-05
2.1538e+05, 5.6292e-05
2.2000e+05, 5.7075e-05
2.3539e+05, 5.9816e-05
2.4000e+05, 6.0687e-05
2.5539e+05, 6.3817e-05
2.6000e+05, 6.4833e-05
2.7540e+05, 6.8610e-05
2.8000e+05, 6.9875e-05
2.9541e+05, 7.4741e-05
3.0000e+05, 7.6427e-05
3.1000e+05, 8.0515e-05
3.2000e+05, 8.5497e-05
3.2400e+05, 8.7808e-05
3.3000e+05, 9.1716e-05
3.3400e+05, 9.4657e-05
3.4000e+05, 9.9702e-05
3.4400e+05, 1.0356e-04
3.5000e+05, 1.1029e-04
3.6000e+05, 1.2481e-04
3.7000e+05, 1.4557e-04
3.8000e+05, 1.7660e-04
3.9000e+05, 2.2541e-04
4.0000e+05, 3.0606e-04
4.0500e+05, 3.6520e-04
4.1000e+05, 4.4152e-04
4.1500e+05, 5.3695e-04
4.2000e+05, 6.4687e-04
4.2500e+05, 7.5355e-04
4.3000e+05, 8.2405e-04
4.3261e+05, 8.3524e-04
4.3500e+05, 8.2647e-04
4.4000e+05, 7.6107e-04
4.4500e+05, 6.5762e-04
4.5000e+05, 5.4969e-04
4.5500e+05, 4.5545e-04
4.6000e+05, 3.7958e-04
4.6500e+05, 3.2048e-04
4.7000e+05, 2.7500e-04
4.7500e+05, 2.3991e-04
4.8000e+05, 2.1254e-04
4.8500e+05, 1.9094e-04
4.9000e+05, 1.7380e-04
4.9500e+05, 1.6003e-04
5.0000e+05, 1.4924e-04
5.1000e+05, 1.4823e-04
5.2000e+05, 1.4724e-04
5.3000e+05, 1.4626e-04
5.4000e+05, 1.4527e-04
5.5000e+05, 1.4429e-04
5.6000e+05, 1.4331e-04
5.7000e+05, 1.4232e-04
5.8000e+05, 1.4134e-04
5.9000e+05, 1.4035e-04
6.0000e+05, 1.3937e-04
6.2000e+05, 1.3740e-04
6.4000e+05, 1.3543e-04
6.6000e+05, 1.3346e-04
6.8000e+05, 1.3150e-04
7.0000e+05, 1.2953e-04
7.2000e+05, 1.2756e-04
7.4000e+05, 1.2559e-04
7.6000e+05, 1.2362e-04
7.8000e+05, 1.2165e-04
8.0000e+05, 1.1968e-04
8.2000e+05, 1.1772e-04
8.4000e+05, 1.1575e-04
8.6000e+05, 1.1378e-04
8.8000e+05, 1.1181e-04
9.0000e+05, 1.0984e-04
9.1000e+05, 1.0886e-04
9.2000e+05, 1.0787e-04
9.3000e+05, 1.0689e-04
9.4000e+05, 1.0591e-04
9.5000e+05, 1.0492e-04
9.6000e+05, 1.0394e-04
9.7000e+05, 1.0295e-04
9.8000e+05, 1.0197e-04
9.9000e+05, 1.0098e-04
1.0000e+06, 1.0000e-04
1.0100e+06, 1.0000e-04
1.0200e+06, 1.0000e-04
1.0300e+06, 1.0000e-04
1.0400e+06, 1.0000e-04
1.0500e+06, 1.0000e-04
1.0600e+06, 1.0000e-04
1.0700e+06, 1.0000e-04
1.0800e+06, 1.0000e-04
1.0900e+06, 1.0000e-04
1.1000e+06, 1.0000e-04
1.1100e+06, 1.0000e-04
1.1200e+06, 1.0000e-04
1.1300e+06, 1.0000e-04
1.1400e+06, 1.0000e-04
1.1500e+06, 1.0000e-04
1.1600e+06, 1.0000e-04
1.1700e+06, 1.0000e-04
1.1800e+06, 1.0000e-04
1.1900e+06, 1.0000e-04
1.2000e+06, 1.0000e-04
1.2100e+06, 1.0000e-04
1.2200e+06, 1.0000e-04
1.2300e+06, 1.0000e-04
1.2400e+06, 1.0000e-04
1.2500e+06, 1.0000e-04
1.2600e+06, 1.0000e-04
1.2700e+06, 1.0000e-04
1.2800e+06, 1.0000e-04
1.2850e+06, 1.0000e-04
1.2900e+06, 1.0000e-04
1.2950e+06, 1.0000e-04
1.3000e+06, 1.0000e-04
1.3050e+06, 1.0000e-04
1.3100e+06, 1.0000e-04
1.3150e+06, 1.0000e-04
1.3200e+06, 1.0000e-04
1.3300e+06, 1.0000e-04
1.3400e+06, 1.0000e-04
1.3500e+06, 1.0000e-04
1.3600e+06, 1.0000e-04
1.3700e+06, 1.0000e-04
1.3800e+06, 1.0000e-04
1.3900e+06, 1.0000e-04
1.4000e+06, 1.0000e-04
1.4500e+06, 1.0000e-04
1.5000e+06, 1.0000e-04
1.5500e+06, 1.0000e-04
1.6000e+06, 1.0000e-04
1.6200e+06, 1.0000e-04
1.6300e+06, 1.0000e-04
1.6400e+06, 1.0000e-04
1.6425e+06, 1.0000e-04
1.6438e+06, 1.0000e-04
1.6450e+06, 1.0000e-04
1.6456e+06, 1.0000e-04
1.6459e+06, 1.0000e-04
1.6462e+06, 1.0000e-04
1.6469e+06, 1.0000e-04
1.6470e+06, 1.0000e-04
1.6472e+06, 1.0000e-04
1.6475e+06, 1.0000e-04
1.6478e+06, 1.0000e-04
1.6480e+06, 1.0000e-04
1.6481e+06, 1.0000e-04
1.6484e+06, 1.0000e-04
1.6488e+06, 1.0000e-04
1.6500e+06, 1.0000e-04
1.6505e+06, 1.0000e-04
1.6508e+06, 1.0000e-04
1.6509e+06, 1.0000e-04
1.6511e+06, 1.0000e-04
1.6514e+06, 1.0000e-04
1.6517e+06, 1.0000e-04
1.6520e+06, 1.0000e-04
1.6523e+06, 1.0000e-04
1.6529e+06, 1.0000e-04
1.6530e+06, 1.0000e-04
1.6532e+06, 1.0000e-04
1.6535e+06, 1.0000e-04
1.6541e+06, 1.0000e-04
1.6547e+06, 1.0000e-04
1.6550e+06, 1.0000e-04
1.6552e+06, 1.0000e-04
1.6558e+06, 1.0000e-04
1.6564e+06, 1.0000e-04
1.6570e+06, 1.0000e-04
1.6576e+06, 1.0000e-04
1.6588e+06, 1.0000e-04
1.6600e+06, 1.0000e-04
1.6625e+06, 1.0000e-04
1.6650e+06, 1.0000e-04
1.6700e+06, 1.0000e-04
1.6800e+06, 1.0000e-04
1.6850e+06, 1.0000e-04
1.6900e+06, 1.0000e-04
1.6950e+06, 1.0000e-04
1.7000e+06, 1.0000e-04
1.7200e+06, 1.0000e-04
1.7400e+06, 1.0000e-04
1.7600e+06, 1.0000e-04
1.7800e+06, 1.0000e-04
1.8000e+06, 1.0000e-04
1.8200e+06, 1.0000e-04
1.8225e+06, 1.0000e-04
1.8238e+06, 1.0000e-04
1.8250e+06, 1.0000e-04
1.8256e+06, 1.0000e-04
1.8259e+06, 1.0000e-04
1.8262e+06, 1.0000e-04
1.8275e+06, 1.0000e-04
1.8278e+06, 1.0000e-04
1.8281e+06, 1.0000e-04
1.8288e+06, 1.0000e-04
1.8300e+06, 1.0000e-04
1.8315e+06, 1.0000e-04
1.8319e+06, 1.0000e-04
1.8322e+06, 1.0000e-04
1.8330e+06, 1.0000e-04
1.8339e+06, 1.0000e-04
1.8348e+06, 1.0000e-04
1.8365e+06, 1.0000e-04
1.8374e+06, 1.0000e-04
1.8382e+06, 1.0000e-04
1.8391e+06, 1.0000e-04
1.8400e+06, 1.0000e-04
1.8425e+06, 1.0000e-04
1.8438e+06, 1.0000e-04
1.8450e+06, 1.0000e-04
1.8475e+06, 1.0000e-04
1.8500e+06, 1.0000e-04
1.8550e+06, 1.0000e-04
1.8600e+06, 1.0000e-04
1.8650e+06, 1.0000e-04
1.8700e+06, 1.0000e-04
1.8750e+06, 1.0000e-04
1.8800e+06, 1.0000e-04
1.8850e+06, 1.0000e-04
1.8900e+06, 1.0000e-04
1.9000e+06, 1.0000e-04
1.9050e+06, 1.0000e-04
1.9100e+06, 1.0000e-04
1.9150e+06, 1.0000e-04
1.9200e+06, 1.0000e-04
1.9250e+06, 1.0000e-04
1.9300e+06, 1.0000e-04
1.9350e+06, 1.0000e-04
1.9400e+06, 1.0000e-04
1.9500e+06, 1.0000e-04
1.9600e+06, 1.0000e-04
1.9700e+06, 1.0000e-04
1.9800e+06, 1.0000e-04
1.9900e+06, 1.0000e-04
2.0000e+06, 1.0000e-04
2.0500e+06, 1.0000e-04
2.1000e+06, 1.0000e-04
2.1500e+06, 1.0000e-04
2.2000e+06, 1.0000e-04
2.2200e+06, 1.0000e-04
2.2400e+06, 1.0000e-04
2.2600e+06, 1.0000e-04
2.2800e+06, 1.0000e-04
2.3000e+06, 1.0000e-04
2.3100e+06, 1.0000e-04
2.3200e+06, 1.0000e-04
2.3250e+06, 1.0000e-04
2.3300e+06, 1.0000e-04
2.3325e+06, 1.0000e-04
2.3350e+06, 1.0000e-04
2.3375e+06, 1.0000e-04
2.3400e+06, 1.0000e-04
2.3425e+06, 1.0000e-04
2.3450e+06, 1.0000e-04
2.3475e+06, 1.0000e-04
2.3500e+06, 1.0000e-04
2.3510e+06, 1.0000e-04
2.3532e+06, 1.0000e-04
2.3553e+06, 1.0000e-04
2.3553e+06, 1.0000e-04
2.3554e+06, 1.0000e-04
2.3570e+06, 1.0000e-04
2.3580e+06, 1.0000e-04
2.3590e+06, 1.0000e-04
2.3600e+06, 1.0000e-04
2.3610e+06, 1.0000e-04
2.3620e+06, 1.0000e-04
2.3630e+06, 1.0000e-04
2.3640e+06, 1.0000e-04
2.3650e+06, 1.0000e-04
2.3660e+06, 1.0000e-04
2.3670e+06, 1.0000e-04
2.3680e+06, 1.0000e-04
2.3700e+06, 1.0000e-04
2.3750e+06, 1.0000e-04
2.3800e+06, 1.0000e-04
2.3900e+06, 1.0000e-04
2.4000e+06, 1.0000e-04
2.4100e+06, 1.0000e-04
2.4200e+06, 1.0000e-04
2.4300e+06, 1.0000e-04
2.4350e+06, 1.0000e-04
2.4375e+06, 1.0000e-04
2.4400e+06, 1.0000e-04
2.4412e+06, 1.0000e-04
2.4425e+06, 1.0000e-04
2.4438e+06, 1.0000e-04
2.4450e+06, 1.0000e-04
2.4462e+06, 1.0000e-04
2.4475e+06, 1.0000e-04
2.4488e+06, 1.0000e-04
2.4500e+06, 1.0000e-04
2.4512e+06, 1.0000e-04
2.4525e+06, 1.0000e-04
2.4538e+06, 1.0000e-04
2.4550e+06, 1.0000e-04
2.4562e+06, 1.0000e-04
2.4575e+06, 1.0000e-04
2.4588e+06, 1.0000e-04
2.4600e+06, 1.0000e-04
2.4612e+06, 1.0000e-04
2.4625e+06, 1.0000e-04
2.4638e+06, 1.0000e-04
2.4650e+06, 1.0000e-04
2.4662e+06, 1.0000e-04
2.4675e+06, 1.0000e-04
2.4688e+06, 1.0000e-04
2.4700e+06, 1.0000e-04
2.4712e+06, 1.0000e-04
2.4725e+06, 1.0000e-04
2.4738e+06, 1.0000e-04
2.4750e+06, 1.0000e-04
2.4762e+06, 1.0000e-04
2.4775e+06, 1.0000e-04
2.4788e+06, 1.0000e-04
2.4800e+06, 1.0000e-04
2.4812e+06, 1.0000e-04
2.4825e+06, 1.0000e-04
2.4838e+06, 1.0000e-04
2.4850e+06, 1.0000e-04
2.4862e+06, 1.0000e-04
2.4875e+06, 1.0000e-04
2.4888e+06, 1.0000e-04
2.4900e+06, 1.0000e-04
2.4912e+06, 1.0000e-04
2.4925e+06, 1.0000e-04
2.4938e+06, 1.0000e-04
2.4950e+06, 1.0000e-04
2.4962e+06, 1.0000e-04
2.4975e+06, 1.0000e-04
2.4988e+06, 1.0000e-04
2.5000e+06, 1.0000e-04
2.5012e+06, 1.0000e-04
2.5025e+06, 1.0000e-04
2.5050e+06, 1.0000e-04
2.5075e+06, 1.0000e-04
2.5100e+06, 1.0000e-04
2.5125e+06, 1.0000e-04
2.5150e+06, 1.0000e-04
2.5175e+06, 1.0000e-04
2.5200e+06, 1.0000e-04
2.5225e+06, 1.0000e-04
2.5250e+06, 1.0000e-04
2.5275e+06, 1.0000e-04
2.5300e+06, 1.0000e-04
2.5325e+06, 1.0000e-04
2.5350e+06, 1.0000e-04
2.5375e+06, 1.0000e-04
2.5400e+06, 1.0000e-04
2.5425e+06, 1.0000e-04
2.5450e+06, 1.0000e-04
2.5475e+06, 1.0000e-04
2.5500e+06, 1.0000e-04
2.5525e+06, 1.0000e-04
2.5550e+06, 1.0000e-04
2.5575e+06, 1.0000e-04
2.5600e+06, 1.0000e-04
2.5625e+06, 1.0000e-04
2.5650e+06, 1.0000e-04
2.5675e+06, 1.0000e-04
2.5700e+06, 1.0000e-04
2.5725e+06, 1.0000e-04
2.5750e+06, 1.0000e-04
2.5775e+06, 1.0000e-04
2.5800e+06, 1.0000e-04
2.5825e+06, 1.0000e-04
2.5850e+06, 1.0000e-04
2.5875e+06, 1.0000e-04
2.5900e+06, 1.0000e-04
2.5925e+06, 1.0000e-04
2.5950e+06, 1.0000e-04
2.5975e+06, 1.0000e-04
2.6000e+06, 1.0000e-04
2.6016e+06, 1.0000e-04
2.6031e+06, 1.0000e-04
2.6047e+06, 1.0000e-04
2.6062e+06, 1.0000e-04
2.6078e+06, 1.0000e-04
2.6094e+06, 1.0000e-04
2.6109e+06, 1.0000e-04
2.6125e+06, 1.0000e-04
2.6141e+06, 1.0000e-04
2.6156e+06, 1.0000e-04
2.6172e+06, 1.0000e-04
2.6188e+06, 1.0000e-04
2.6203e+06, 1.0000e-04
2.6219e+06, 1.0000e-04
2.6234e+06, 1.0000e-04
2.6250e+06, 1.0000e-04
2.6266e+06, 1.0000e-04
2.6281e+06, 1.0000e-04
2.6297e+06, 1.0000e-04
2.6312e+06, 1.0000e-04
2.6328e+06, 1.0000e-04
2.6344e+06, 1.0000e-04
2.6359e+06, 1.0000e-04
2.6375e+06, 1.0000e-04
2.6391e+06, 1.0000e-04
2.6406e+06, 1.0000e-04
2.6422e+06, 1.0000e-04
2.6438e+06, 1.0000e-04
2.6453e+06, 1.0000e-04
2.6469e+06, 1.0000e-04
2.6484e+06, 1.0000e-04
2.6500e+06, 1.0000e-04
2.6516e+06, 1.0000e-04
2.6531e+06, 1.0000e-04
2.6547e+06, 1.0000e-04
2.6562e+06, 1.0000e-04
2.6578e+06, 1.0000e-04
2.6594e+06, 1.0000e-04
2.6609e+06, 1.0000e-04
2.6625e+06, 1.0000e-04
2.6641e+06, 1.0000e-04
2.6656e+06, 1.0000e-04
2.6672e+06, 1.0000e-04
2.6688e+06, 1.0000e-04
2.6703e+06, 1.0000e-04
2.6719e+06, 1.0000e-04
2.6734e+06, 1.0000e-04
2.6750e+06, 1.0000e-04
2.6766e+06, 1.0000e-04
2.6781e+06, 1.0000e-04
2.6797e+06, 1.0000e-04
2.6812e+06, 1.0000e-04
2.6828e+06, 1.0000e-04
2.6844e+06, 1.0000e-04
2.6859e+06, 1.0000e-04
2.6875e+06, 1.0000e-04
2.6891e+06, 1.0000e-04
2.6906e+06, 1.0000e-04
2.6922e+06, 1.0000e-04
2.6938e+06, 1.0000e-04
2.6953e+06, 1.0000e-04
2.6969e+06, 1.0000e-04
2.6984e+06, 1.0000e-04
2.7000e+06, 1.0000e-04
2.7031e+06, 1.0000e-04
2.7062e+06, 1.0000e-04
2.7094e+06, 1.0000e-04
2.7125e+06, 1.0000e-04
2.7156e+06, 1.0000e-04
2.7188e+06, 1.0000e-04
2.7219e+06, 1.0000e-04
2.7250e+06, 1.0000e-04
2.7281e+06, 1.0000e-04
2.7312e+06, 1.0000e-04
2.7344e+06, 1.0000e-04
2.7375e+06, 1.0000e-04
2.7406e+06, 1.0000e-04
2.7438e+06, 1.0000e-04
2.7469e+06, 1.0000e-04
2.7500e+06, 1.0000e-04
2.7531e+06, 1.0000e-04
2.7562e+06, 1.0000e-04
2.7594e+06, 1.0000e-04
2.7625e+06, 1.0000e-04
2.7656e+06, 1.0000e-04
2.7688e+06, 1.0000e-04
2.7719e+06, 1.0000e-04
2.7750e+06, 1.0000e-04
2.7781e+06, 1.0000e-04
2.7812e+06, 1.0000e-04
2.7844e+06, 1.0000e-04
2.7875e+06, 1.0000e-04
2.7906e+06, 1.0000e-04
2.7938e+06, 1.0000e-04
2.7969e+06, 1.0000e-04
2.8000e+06, 1.0000e-04
2.8031e+06, 1.0000e-04
2.8062e+06, 1.0000e-04
2.8094e+06, 1.0000e-04
2.8125e+06, 1.0000e-04
2.8156e+06, 1.0000e-04
2.8188e+06, 1.0000e-04
2.8219e+06, 1.0000e-04
2.8250e+06, 1.0000e-04
2.8281e+06, 1.0000e-04
2.8312e+06, 1.0000e-04
2.8344e+06, 1.0000e-04
2.8375e+06, 1.0000e-04
2.8406e+06, 1.0000e-04
2.8438e+06, 1.0000e-04
2.8469e+06, 1.0000e-04
2.8500e+06, 1.0000e-04
2.8550e+06, 1.0000e-04
2.8600e+06, 1.0000e-04
2.8650e+06, 1.0000e-04
2.8700e+06, 1.0000e-04
2.8750e+06, 1.0000e-04
2.8800e+06, 1.0000e-04
2.8820e+06, 1.0000e-04
2.8840e+06, 1.0000e-04
2.8860e+06, 1.0000e-04
2.8870e+06, 1.0000e-04
2.8880e+06, 1.0000e-04
2.8882e+06, 1.0000e-04
2.8884e+06, 1.0000e-04
2.8885e+06, 1.0000e-04
2.8886e+06, 1.0000e-04
2.8887e+06, 1.0000e-04
2.8888e+06, 1.0000e-04
2.8889e+06, 1.0000e-04
2.8890e+06, 1.0000e-04
2.8891e+06, 1.0000e-04
2.8892e+06, 1.0000e-04
2.8893e+06, 1.0000e-04
2.8894e+06, 1.0000e-04
2.8895e+06, 1.0000e-04
2.8896e+06, 1.0000e-04
2.8897e+06, 1.0000e-04
2.8898e+06, 1.0000e-04
2.8900e+06, 1.0000e-04
2.8905e+06, 1.0000e-04
2.8910e+06, 1.0000e-04
2.8920e+06, 1.0000e-04
2.8940e+06, 1.0000e-04
2.8960e+06, 1.0000e-04
2.8980e+06, 1.0000e-04
2.9000e+06, 1.0000e-04
2.9062e+06, 1.0000e-04
2.9125e+06, 1.0000e-04
2.9188e+06, 1.0000e-04
2.9250e+06, 1.0000e-04
2.9312e+06, 1.0000e-04
2.9375e+06, 1.0000e-04
2.9438e+06, 1.0000e-04
2.9500e+06, 1.0000e-04
2.9562e+06, 1.0000e-04
2.9625e+06, 1.0000e-04
2.9688e+06, 1.0000e-04
2.9750e+06, 1.0000e-04
2.9812e+06, 1.0000e-04
2.9875e+06, 1.0000e-04
2.9938e+06, 1.0000e-04
3.0000e+06, 1.0000e-04
3.0050e+06, 1.0000e-04
3.0055e+06, 1.0000e-04
3.0060e+06, 1.0000e-04
3.0061e+06, 1.0000e-04
3.0062e+06, 1.0000e-04
3.0063e+06, 1.0000e-04
3.0064e+06, 1.0000e-04
3.0065e+06, 1.0000e-04
3.0066e+06, 1.0000e-04
3.0067e+06, 1.0000e-04
3.0068e+06, 1.0000e-04
3.0069e+06, 1.0000e-04
3.0070e+06, 1.0000e-04
3.0071e+06, 1.0000e-04
3.0072e+06, 1.0000e-04
3.0073e+06, 1.0000e-04
3.0074e+06, 1.0000e-04
3.0075e+06, 1.0000e-04
3.0076e+06, 1.0000e-04
3.0077e+06, 1.0000e-04
3.0078e+06, 1.0000e-04
3.0079e+06, 1.0000e-04
3.0080e+06, 1.0000e-04
3.0082e+06, 1.0000e-04
3.0084e+06, 1.0000e-04
3.0086e+06, 1.0000e-04
3.0088e+06, 1.0000e-04
3.0090e+06, 1.0000e-04
3.0100e+06, 1.0000e-04
3.0150e+06, 1.0000e-04
3.0200e+06, 1.0000e-04
3.0250e+06, 1.0000e-04
3.0300e+06, 1.0000e-04
3.0350e+06, 1.0000e-04
3.0400e+06, 1.0000e-04
3.0450e+06, 1.0000e-04
3.0500e+06, 1.0000e-04
3.0550e+06, 1.0000e-04
3.0600e+06, 1.0000e-04
3.0650e+06, 1.0000e-04
3.0700e+06, 1.0000e-04
3.0750e+06, 1.0000e-04
3.0800e+06, 1.0000e-04
3.0850e+06, 1.0000e-04
3.0900e+06, 1.0000e-04
3.0950e+06, 1.0000e-04
3.1000e+06, 1.0000e-04
3.1100e+06, 1.0000e-04
3.1200e+06, 1.0000e-04
3.1300e+06, 1.0000e-04
3.1400e+06, 1.0000e-04
3.1500e+06, 1.0000e-04
3.1600e+06, 1.0000e-04
3.1700e+06, 1.0000e-04
3.1800e+06, 1.0000e-04
3.1900e+06, 1.0000e-04
3.1950e+06, 1.0000e-04
3.2000e+06, 1.0000e-04
3.2010e+06, 1.0000e-04
3.2020e+06, 1.0000e-04
3.2030e+06, 1.0000e-04
3.2040e+06, 1.0000e-04
3.2050e+06, 1.0000e-04
3.2060e+06, 1.0000e-04
3.2070e+06, 1.0000e-04
3.2080e+06, 1.0000e-04
3.2090e+06, 1.0000e-04
3.2100e+06, 1.0000e-04
3.2105e+06, 1.0000e-04
3.2110e+06, 1.0000e-04
3.2111e+06, 1.0000e-04
3.2112e+06, 1.0000e-04
3.2113e+06, 1.0000e-04
3.2114e+06, 1.0000e-04
3.2115e+06, 1.0000e-04
3.2116e+06, 1.0000e-04
3.2117e+06, 1.0000e-04
3.2118e+06, 1.0000e-04
3.2119e+06, 1.0000e-04
3.2120e+06, 1.0000e-04
3.2122e+06, 1.0000e-04
3.2124e+06, 1.0000e-04
3.2126e+06, 1.0000e-04
3.2128e+06, 1.0000e-04
3.2130e+06, 1.0000e-04
3.2132e+06, 1.0000e-04
3.2134e+06, 1.0000e-04
3.2136e+06, 1.0000e-04
3.2138e+06, 1.0000e-04
3.2140e+06, 1.0000e-04
3.2142e+06, 1.0000e-04
3.2144e+06, 1.0000e-04
3.2146e+06, 1.0000e-04
3.2148e+06, 1.0000e-04
3.2150e+06, 1.0000e-04
3.2160e+06, 1.0000e-04
3.2170e+06, 1.0000e-04
3.2180e+06, 1.0000e-04
3.2190e+06, 1.0000e-04
3.2200e+06, 1.0000e-04
3.2220e+06, 1.0000e-04
3.2240e+06, 1.0000e-04
3.2260e+06, 1.0000e-04
3.2280e+06, 1.0000e-04
3.2300e+06, 1.0000e-04
3.2350e+06, 1.0000e-04
3.2400e+06, 1.0000e-04
3.2450e+06, 1.0000e-04
3.2500e+06, 1.0000e-04
3.2550e+06, 1.0000e-04
3.2600e+06, 1.0000e-04
3.2650e+06, 1.0000e-04
3.2700e+06, 1.0000e-04
3.2750e+06, 1.0000e-04
3.2800e+06, 1.0000e-04
3.2850e+06, 1.0000e-04
3.2900e+06, 1.0000e-04
3.2950e+06, 1.0000e-04
3.3000e+06, 1.0000e-04
3.3050e+06, 1.0000e-04
3.3100e+06, 1.0000e-04
3.3120e+06, 1.0000e-04
3.3140e+06, 1.0000e-04
3.3160e+06, 1.0000e-04
3.3180e+06, 1.0000e-04
3.3200e+06, 1.0000e-04
3.3220e+06, 1.0000e-04
3.3240e+06, 1.0000e-04
3.3260e+06, 1.0000e-04
3.3280e+06, 1.0000e-04
3.3300e+06, 1.0000e-04
3.3320e+06, 1.0000e-04
3.3340e+06, 1.0000e-04
3.3360e+06, 1.0000e-04
3.3380e+06, 1.0000e-04
3.3400e+06, 1.0000e-04
3.3450e+06, 1.0000e-04
3.3500e+06, 1.0000e-04
3.3550e+06, 1.0000e-04
3.3600e+06, 1.0000e-04
3.3700e+06, 1.0000e-04
3.3800e+06, 1.0000e-04
3.3900e+06, 1.0000e-04
3.4000e+06, 1.0000e-04
3.4005e+06, 1.0000e-04
3.4100e+06, 1.0000e-04
3.4200e+06, 1.0000e-04
3.4300e+06, 1.0000e-04
3.4350e+06, 1.0000e-04
3.4360e+06, 1.0000e-04
3.4370e+06, 1.0000e-04
3.4375e+06, 1.0000e-04
3.4380e+06, 1.0000e-04
3.4385e+06, 1.0000e-04
3.4390e+06, 1.0000e-04
3.4395e+06, 1.0000e-04
3.4400e+06, 1.0000e-04
3.4405e+06, 1.0000e-04
3.4410e+06, 1.0000e-04
3.4415e+06, 1.0000e-04
3.4416e+06, 1.0000e-04
3.4417e+06, 1.0000e-04
3.4418e+06, 1.0000e-04
3.4419e+06, 1.0000e-04
3.4420e+06, 1.0000e-04
3.4425e+06, 1.0000e-04
3.4430e+06, 1.0000e-04
3.4435e+06, 1.0000e-04
3.4440e+06, 1.0000e-04
3.4445e+06, 1.0000e-04
3.4450e+06, 1.0000e-04
3.4500e+06, 1.0000e-04
3.4550e+06, 1.0000e-04
3.4600e+06, 1.0000e-04
3.4650e+06, 1.0000e-04
3.4700e+06, 1.0000e-04
3.4750e+06, 1.0000e-04
3.4800e+06, 1.0000e-04
3.4900e+06, 1.0000e-04
3.5000e+06, 1.0000e-04
3.5100e+06, 1.0000e-04
3.5200e+06, 1.0000e-04
3.5300e+06, 1.0000e-04
3.5400e+06, 1.0000e-04
3.5500e+06, 1.0000e-04
3.5600e+06, 1.0000e-04
3.5700e+06, 1.0000e-04
3.5800e+06, 1.0000e-04
3.5900e+06, 1.0000e-04
3.6000e+06, 1.0000e-04
3.6100e+06, 1.0000e-04
3.6200e+06, 1.0000e-04
3.6300e+06, 1.0000e-04
3.6400e+06, 1.0000e-04
3.6420e+06, 1.0000e-04
3.6440e+06, 1.0000e-04
3.6450e+06, 1.0000e-04
3.6452e+06, 1.0000e-04
3.6454e+06, 1.0000e-04
3.6456e+06, 1.0000e-04
3.6458e+06, 1.0000e-04
3.6460e+06, 1.0000e-04
3.6462e+06, 1.0000e-04
3.6464e+06, 1.0000e-04
3.6466e+06, 1.0000e-04
3.6468e+06, 1.0000e-04
3.6470e+06, 1.0000e-04
3.6472e+06, 1.0000e-04
3.6474e+06, 1.0000e-04
3.6476e+06, 1.0000e-04
3.6478e+06, 1.0000e-04
3.6480e+06, 1.0000e-04
3.6490e+06, 1.0000e-04
3.6500e+06, 1.0000e-04
3.6510e+06, 1.0000e-04
3.6520e+06, 1.0000e-04
3.6530e+06, 1.0000e-04
3.6540e+06, 1.0000e-04
3.6550e+06, 1.0000e-04
3.6600e+06, 1.0000e-04
3.6650e+06, 1.0000e-04
3.6700e+06, 1.0000e-04
3.6750e+06, 1.0000e-04
3.6800e+06, 1.0000e-04
3.6850e+06, 1.0000e-04
3.6900e+06, 1.0000e-04
3.6950e+06, 1.0000e-04
3.7000e+06, 1.0000e-04
3.7100e+06, 1.0000e-04
3.7200e+06, 1.0000e-04
3.7300e+06, 1.0000e-04
3.7400e+06, 1.0000e-04
3.7450e+06, 1.0000e-04
3.7500e+06, 1.0000e-04
3.7550e+06, 1.0000e-04
3.7600e+06, 1.0000e-04
3.7610e+06, 1.0000e-04
3.7620e+06, 1.0000e-04
3.7630e+06, 1.0000e-04
3.7640e+06, 1.0000e-04
3.7650e+06, 1.0000e-04
3.7660e+06, 1.0000e-04
3.7670e+06, 1.0000e-04
3.7680e+06, 1.0000e-04
3.7690e+06, 1.0000e-04
3.7700e+06, 1.0000e-04
3.7720e+06, 1.0000e-04
3.7740e+06, 1.0000e-04
3.7760e+06, 1.0000e-04
3.7780e+06, 1.0000e-04
3.7800e+06, 1.0000e-04
3.7850e+06, 1.0000e-04
3.7900e+06, 1.0000e-04
3.7950e+06, 1.0000e-04
3.8000e+06, 1.0000e-04
3.8100e+06, 1.0000e-04
3.8200e+06, 1.0000e-04
3.8300e+06, 1.0000e-04
3.8400e+06, 1.0000e-04
3.8500e+06, 1.0000e-04
3.8600e+06, 1.0000e-04
3.8700e+06, 1.0000e-04
3.8800e+06, 1.0000e-04
3.8900e+06, 1.0000e-04
3.9000e+06, 1.0000e-04
3.9200e+06, 1.0000e-04
3.9400e+06, 1.0000e-04
3.9600e+06, 1.0000e-04
3.9800e+06, 1.0000e-04
4.0000e+06, 1.0000e-04
4.0100e+06, 1.0000e-04
4.0200e+06, 1.0000e-04
4.0300e+06, 1.0000e-04
4.0400e+06, 1.0000e-04
4.0500e+06, 1.0000e-04
4.0600e+06, 1.0000e-04
4.0700e+06, 1.0000e-04
4.0800e+06, 1.0000e-04
4.0900e+06, 1.0000e-04
4.1000e+06, 1.0000e-04
4.1100e+06, 1.0000e-04
4.1200e+06, 1.0000e-04
4.1300e+06, 1.0000e-04
4.1400e+06, 1.0000e-04
4.1500e+06, 1.0000e-04
4.1600e+06, 1.0000e-04
4.1650e+06, 1.0000e-04
4.1700e+06, 1.0000e-04
4.1750e+06, 1.0000e-04
4.1800e+06, 1.0000e-04
4.1850e+06, 1.0000e-04
4.1900e+06, 1.0000e-04
4.1950e+06, 1.0000e-04
4.2000e+06, 1.0000e-04
4.2050e+06, 1.0000e-04
4.2100e+06, 1.0000e-04
4.2150e+06, 1.0000e-04
4.2200e+06, 1.0000e-04
4.2250e+06, 1.0000e-04
4.2300e+06, 1.0000e-04
4.2350e+06, 1.0000e-04
4.2400e+06, 1.0000e-04
4.2450e+06, 1.0000e-04
4.2500e+06, 1.0000e-04
4.2550e+06, 1.0000e-04
4.2600e+06, 1.0000e-04
4.2650e+06, 1.0000e-04
4.2700e+06, 1.0000e-04
4.2750e+06, 1.0000e-04
4.2800e+06, 1.0000e-04
4.2850e+06, 1.0000e-04
4.2900e+06, 1.0000e-04
4.2950e+06, 1.0000e-04
4.3000e+06, 1.0000e-04
4.3050e+06, 1.0000e-04
4.3100e+06, 1.0000e-04
4.3150e+06, 1.0000e-04
4.3200e+06, 1.0000e-04
4.3210e+06, 1.0000e-04
4.3220e+06, 1.0000e-04
4.3230e+06, 1.0000e-04
4.3240e+06, 1.0000e-04
4.3250e+06, 1.0000e-04
4.3260e+06, 1.0000e-04
4.3270e+06, 1.0000e-04
4.3280e+06, 1.0000e-04
4.3290e+06, 1.0000e-04
4.3300e+06, 1.0000e-04
4.3350e+06, 1.0000e-04
4.3400e+06, 1.0000e-04
4.3450e+06, 1.0000e-04
4.3500e+06, 1.0000e-04
4.3550e+06, 1.0000e-04
4.3600e+06, 1.0000e-04
4.3700e+06, 1.0000e-04
4.3800e+06, 1.0000e-04
4.3900e+06, 1.0000e-04
4.4000e+06, 1.0000e-04
4.4100e+06, 1.0000e-04
4.4200e+06, 1.0000e-04
4.4300e+06, 1.0000e-04
4.4400e+06, 1.0000e-04
4.4450e+06, 1.0000e-04
4.4500e+06, 1.0000e-04
4.4550e+06, 1.0000e-04
4.4600e+06, 1.0000e-04
4.4620e+06, 1.0000e-04
4.4640e+06, 1.0000e-04
4.4660e+06, 1.0000e-04
4.4680e+06, 1.0000e-04
4.4700e+06, 1.0000e-04
4.4720e+06, 1.0000e-04
4.4750e+06, 1.0000e-04
4.4800e+06, 1.0000e-04
4.4850e+06, 1.0000e-04
4.4900e+06, 1.0000e-04
4.4950e+06, 1.0000e-04
4.5000e+06, 1.0000e-04
4.5050e+06, 1.0000e-04
4.5100e+06, 1.0000e-04
4.5150e+06, 1.0000e-04
4.5200e+06, 1.0000e-04
4.5210e+06, 1.0000e-04
4.5220e+06, 1.0000e-04
4.5230e+06, 1.0000e-04
4.5240e+06, 1.0000e-04
4.5250e+06, 1.0000e-04
4.5260e+06, 1.0000e-04
4.5270e+06, 1.0000e-04
4.5280e+06, 1.0000e-04
4.5290e+06, 1.0000e-04
4.5300e+06, 1.0000e-04
4.5310e+06, 1.0000e-04
4.5320e+06, 1.0000e-04
4.5330e+06, 1.0000e-04
4.5340e+06, 1.0000e-04
4.5350e+06, 1.0000e-04
4.5360e+06, 1.0000e-04
4.5370e+06, 1.0000e-04
4.5380e+06, 1.0000e-04
4.5390e+06, 1.0000e-04
4.5400e+06, 1.0000e-04
4.5450e+06, 1.0000e-04
4.5500e+06, 1.0000e-04
4.5550e+06, 1.0000e-04
4.5600e+06, 1.0000e-04
4.5650e+06, 1.0000e-04
4.5700e+06, 1.0000e-04
4.5750e+06, 1.0000e-04
4.5800e+06, 1.0000e-04
4.5850e+06, 1.0000e-04
4.5900e+06, 1.0000e-04
4.5910e+06, 1.0000e-04
4.5920e+06, 1.0000e-04
4.5930e+06, 1.0000e-04
4.5940e+06, 1.0000e-04
4.5950e+06, 1.0000e-04
4.5960e+06, 1.0000e-04
4.5970e+06, 1.0000e-04
4.5980e+06, 1.0000e-04
4.5990e+06, 1.0000e-04
4.6000e+06, 1.0000e-04
4.6010e+06, 1.0000e-04
4.6015e+06, 1.0000e-04
4.6020e+06, 1.0000e-04
4.6025e+06, 1.0000e-04
4.6030e+06, 1.0000e-04
4.6040e+06, 1.0000e-04
4.6050e+06, 1.0000e-04
4.6100e+06, 1.0000e-04
4.6150e+06, 1.0000e-04
4.6200e+06, 1.0000e-04
4.6250e+06, 1.0000e-04
4.6260e+06, 1.0000e-04
4.6270e+06, 1.0000e-04
4.6280e+06, 1.0000e-04
4.6290e+06, 1.0000e-04
4.6300e+06, 1.0000e-04
4.6310e+06, 1.0000e-04
4.6320e+06, 1.0000e-04
4.6330e+06, 1.0000e-04
4.6340e+06, 1.0000e-04
4.6350e+06, 1.0000e-04
4.6360e+06, 1.0000e-04
4.6370e+06, 1.0000e-04
4.6380e+06, 1.0000e-04
4.6390e+06, 1.0000e-04
4.6400e+06, 1.0000e-04
4.6450e+06, 1.0000e-04
4.6500e+06, 1.0000e-04
4.6550e+06, 1.0000e-04
4.6600e+06, 1.0000e-04
4.6650e+06, 1.0000e-04
4.6700e+06, 1.0000e-04
4.6750e+06, 1.0000e-04
4.6800e+06, 1.0000e-04
4.6850e+06, 1.0000e-04
4.6900e+06, 1.0000e-04
4.6950e+06, 1.0000e-04
4.7000e+06, 1.0000e-04
4.7050e+06, 1.0000e-04
4.7100e+06, 1.0000e-04
4.7150e+06, 1.0000e-04
4.7200e+06, 1.0000e-04
4.7250e+06, 1.0000e-04
4.7300e+06, 1.0000e-04
4.7350e+06, 1.0000e-04
4.7400e+06, 1.0000e-04
4.7450e+06, 1.0000e-04
4.7500e+06, 1.0000e-04
4.7550e+06, 1.0000e-04
4.7600e+06, 1.0000e-04
4.7650e+06, 1.0000e-04
4.7700e+06, 1.0000e-04
4.7750e+06, 1.0000e-04
4.7800e+06, 1.0000e-04
4.7850e+06, 1.0000e-04
4.7900e+06, 1.0000e-04
4.7950e+06, 1.0000e-04
4.8000e+06, 1.0000e-04
4.8050e+06, 1.0000e-04
4.8100e+06, 1.0000e-04
4.8150e+06, 1.0000e-04
4.8200e+06, 1.0000e-04
4.8250e+06, 1.0000e-04
4.8300e+06, 1.0000e-04
4.8320e+06, 1.0000e-04
4.8340e+06, 1.0000e-04
4.8350e+06, 1.0000e-04
4.8360e+06, 1.0000e-04
4.8370e+06, 1.0000e-04
4.8380e+06, 1.0000e-04
4.8390e+06, 1.0000e-04
4.8400e+06, 1.0000e-04
4.8410e+06, 1.0000e-04
4.8420e+06, 1.0000e-04
4.8430e+06, 1.0000e-04
4.8440e+06, 1.0000e-04
4.8450e+06, 1.0000e-04
4.8500e+06, 1.0000e-04
4.8550e+06, 1.0000e-04
4.8600e+06, 1.0000e-04
4.8700e+06, 1.0000e-04
4.8800e+06, 1.0000e-04
4.8900e+06, 1.0000e-04
4.9000e+06, 1.0000e-04
4.9100e+06, 1.0000e-04
4.9200e+06, 1.0000e-04
4.9300e+06, 1.0000e-04
4.9400e+06, 1.0000e-04
4.9500e+06, 1.0000e-04
4.9600e+06, 1.0000e-04
4.9700e+06, 1.0000e-04
4.9800e+06, 1.0000e-04
4.9900e+06, 1.0000e-04
5.0000e+06, 1.0000e-04
5.0100e+06, 1.0000e-04
5.0200e+06, 1.0000e-04
5.0300e+06, 1.0000e-04
5.0400e+06, 1.0000e-04
5.0500e+06, 1.0000e-04
5.0600e+06, 1.0000e-04
5.0700e+06, 1.0000e-04
5.0800e+06, 1.0000e-04
5.0900e+06, 1.0000e-04
5.1000e+06, 1.0000e-04
5.1020e+06, 1.0000e-04
5.1040e+06, 1.0000e-04
5.1060e+06, 1.0000e-04
5.1080e+06, 1.0000e-04
5.1100e+06, 1.0000e-04
5.1120e+06, 1.0000e-04
5.1140e+06, 1.0000e-04
5.1150e+06, 1.0000e-04
5.1160e+06, 1.0000e-04
5.1170e+06, 1.0000e-04
5.1180e+06, 1.0000e-04
5.1190e+06, 1.0000e-04
5.1200e+06, 1.0000e-04
5.1210e+06, 1.0000e-04
5.1220e+06, 1.0000e-04
5.1230e+06, 1.0000e-04
5.1240e+06, 1.0000e-04
5.1250e+06, 1.0000e-04
5.1260e+06, 1.0000e-04
5.1270e+06, 1.0000e-04
5.1280e+06, 1.0000e-04
5.1290e+06, 1.0000e-04
5.1300e+06, 1.0000e-04
5.1310e+06, 1.0000e-04
5.1320e+06, 1.0000e-04
5.1330e+06, 1.0000e-04
5.1340e+06, 1.0000e-04
5.1350e+06, 1.0000e-04
5.1360e+06, 1.0000e-04
5.1370e+06, 1.0000e-04
5.1380e+06, 1.0000e-04
5.1390e+06, 1.0000e-04
5.1400e+06, 1.0000e-04
5.1420e+06, 1.0000e-04
5.1440e+06, 1.0000e-04
5.1460e+06, 1.0000e-04
5.1480e+06, 1.0000e-04
5.1500e+06, 1.0000e-04
5.1550e+06, 1.0000e-04
5.1600e+06, 1.0000e-04
5.1650e+06, 1.0000e-04
5.1700e+06, 1.0000e-04
5.1800e+06, 1.0000e-04
5.1900e+06, 1.0000e-04
5.2000e+06, 1.0000e-04
5.2100e+06, 1.0000e-04
5.2200e+06, 1.0000e-04
5.2300e+06, 1.0000e-04
5.2400e+06, 1.0000e-04
5.2500e+06, 1.0000e-04
5.2600e+06, 1.0000e-04
5.2700e+06, 1.0000e-04
5.2800e+06, 1.0000e-04
5.2900e+06, 1.0000e-04
5.3000e+06, 1.0000e-04
5.3100e+06, 1.0000e-04
5.3200e+06, 1.0000e-04
5.3300e+06, 1.0000e-04
5.3400e+06, 1.0000e-04
5.3500e+06, 1.0000e-04
5.3550e+06, 1.0000e-04
5.3600e+06, 1.0000e-04
5.3650e+06, 1.0000e-04
5.3660e+06, 1.0000e-04
5.3670e+06, 1.0000e-04
5.3680e+06, 1.0000e-04
5.3690e+06, 1.0000e-04
5.3700e+06, 1.0000e-04
5.3710e+06, 1.0000e-04
5.3720e+06, 1.0000e-04
5.3730e+06, 1.0000e-04
5.3740e+06, 1.0000e-04
5.3750e+06, 1.0000e-04
5.3800e+06, 1.0000e-04
5.3850e+06, 1.0000e-04
5.3900e+06, 1.0000e-04
5.3950e+06, 1.0000e-04
5.4000e+06, 1.0000e-04
5.4100e+06, 1.0000e-04
5.4200e+06, 1.0000e-04
5.4300e+06, 1.0000e-04
5.4400e+06, 1.0000e-04
5.4500e+06, 1.0000e-04
5.4600e+06, 1.0000e-04
5.4700e+06, 1.0000e-04
5.4800e+06, 1.0000e-04
5.4900e+06, 1.0000e-04
5.5000e+06, 1.0000e-04
5.5100e+06, 1.0000e-04
5.5200e+06, 1.0000e-04
5.5300e+06, 1.0000e-04
5.5400e+06, 1.0000e-04
5.5500e+06, 1.0000e-04
5.5600e+06, 1.0000e-04
5.5700e+06, 1.0000e-04
5.5800e+06, 1.0000e-04
5.5900e+06, 1.0000e-04
5.6000e+06, 1.0000e-04
5.6050e+06, 1.0000e-04
5.6100e+06, 1.0000e-04
5.6150e+06, 1.0000e-04
5.6200e+06, 1.0000e-04
5.6250e+06, 1.0000e-04
5.6300e+06, 1.0000e-04
5.6350e+06, 1.0000e-04
5.6395e+06, 1.0000e-04
5.6395e+06, 1.0000e-04
5.6395e+06, 1.0000e-04
5.6396e+06, 1.0000e-04
5.6400e+06, 1.0000e-04
5.6450e+06, 1.0000e-04
5.6500e+06, 1.0000e-04
5.6550e+06, 1.0000e-04
5.6600e+06, 1.0000e-04
5.6620e+06, 1.0000e-04
5.6650e+06, 1.0000e-04
5.6680e+06, 1.0000e-04
5.6700e+06, 1.0000e-04
5.6720e+06, 1.0000e-04
5.6750e+06, 1.0000e-04
5.6760e+06, 1.0000e-04
5.6780e+06, 1.0000e-04
5.6800e+06, 1.0000e-04
5.6850e+06, 1.0000e-04
5.6900e+06, 1.0000e-04
5.6950e+06, 1.0000e-04
5.7000e+06, 1.0000e-04
5.7050e+06, 1.0000e-04
5.7100e+06, 1.0000e-04
5.7150e+06, 1.0000e-04
5.7200e+06, 1.0000e-04
5.7250e+06, 1.0000e-04
5.7300e+06, 1.0000e-04
5.7350e+06, 1.0000e-04
5.7400e+06, 1.0000e-04
5.7450e+06, 1.0000e-04
5.7500e+06, 1.0000e-04
5.7550e+06, 1.0000e-04
5.7600e+06, 1.0000e-04
5.7650e+06, 1.0000e-04
5.7700e+06, 1.0000e-04
5.7750e+06, 1.0000e-04
5.7800e+06, 1.0000e-04
5.7850e+06, 1.0000e-04
5.7900e+06, 1.0000e-04
5.7950e+06, 1.0000e-04
5.8000e+06, 1.0000e-04
5.8050e+06, 1.0000e-04
5.8100e+06, 1.0000e-04
5.8150e+06, 1.0000e-04
5.8200e+06, 1.0000e-04
5.8250e+06, 1.0000e-04
5.8300e+06, 1.0000e-04
5.8350e+06, 1.0000e-04
5.8400e+06, 1.0000e-04
5.8450e+06, 1.0000e-04
5.8500e+06, 1.0000e-04
5.8550e+06, 1.0000e-04
5.8600e+06, 1.0000e-04
5.8650e+06, 1.0000e-04
5.8700e+06, 1.0000e-04
5.8750e+06, 1.0000e-04
5.8800e+06, 1.0000e-04
5.8850e+06, 1.0000e-04
5.8900e+06, 1.0000e-04
5.8950e+06, 1.0000e-04
5.9000e+06, 1.0000e-04
5.9050e+06, 1.0000e-04
5.9080e+06, 1.0000e-04
5.9100e+06, 1.0000e-04
5.9120e+06, 1.0000e-04
5.9150e+06, 1.0000e-04
5.9160e+06, 1.0000e-04
5.9170e+06, 1.0000e-04
5.9180e+06, 1.0000e-04
5.9190e+06, 1.0000e-04
5.9200e+06, 1.0000e-04
5.9210e+06, 1.0000e-04
5.9220e+06, 1.0000e-04
5.9230e+06, 1.0000e-04
5.9240e+06, 1.0000e-04
5.9250e+06, 1.0000e-04
5.9260e+06, 1.0000e-04
5.9270e+06, 1.0000e-04
5.9280e+06, 1.0000e-04
5.9290e+06, 1.0000e-04
5.9300e+06, 1.0000e-04
5.9350e+06, 1.0000e-04
5.9400e+06, 1.0000e-04
5.9450e+06, 1.0000e-04
5.9500e+06, 1.0000e-04
5.9550e+06, 1.0000e-04
5.9600e+06, 1.0000e-04
5.9650e+06, 1.0000e-04
5.9700e+06, 1.0000e-04
5.9750e+06, 1.0000e-04
5.9800e+06, 1.0000e-04
5.9820e+06, 1.0000e-04
5.9840e+06, 1.0000e-04
5.9850e+06, 1.0000e-04
5.9860e+06, 1.0000e-04
5.9880e+06, 1.0000e-04
5.9900e+06, 1.0000e-04
5.9920e+06, 1.0000e-04
5.9940e+06, 1.0000e-04
5.9950e+06, 1.0000e-04
5.9960e+06, 1.0000e-04
5.9970e+06, 1.0000e-04
5.9980e+06, 1.0000e-04
5.9990e+06, 1.0000e-04
6.0000e+06, 1.0000e-04
6.0010e+06, 1.0000e-04
6.0020e+06, 1.0000e-04
6.0030e+06, 1.0000e-04
6.0040e+06, 1.0000e-04
6.0060e+06, 1.0000e-04
6.0080e+06, 1.0000e-04
6.0100e+06, 1.0000e-04
6.0120e+06, 1.0000e-04
6.0140e+06, 1.0000e-04
6.0150e+06, 1.0000e-04
6.0160e+06, 1.0000e-04
6.0180e+06, 1.0000e-04
6.0200e+06, 1.0000e-04
6.0250e+06, 1.0000e-04
6.0300e+06, 1.0000e-04
6.0350e+06, 1.0000e-04
6.0400e+06, 1.0000e-04
6.0450e+06, 1.0000e-04
6.0480e+06, 1.0000e-04
6.0500e+06, 1.0000e-04
6.0520e+06, 1.0000e-04
6.0540e+06, 1.0000e-04
6.0550e+06, 1.0000e-04
6.0560e+06, 1.0000e-04
6.0570e+06, 1.0000e-04
6.0580e+06, 1.0000e-04
6.0590e+06, 1.0000e-04
6.0600e+06, 1.0000e-04
6.0610e+06, 1.0000e-04
6.0620e+06, 1.0000e-04
6.0630e+06, 1.0000e-04
6.0640e+06, 1.0000e-04
6.0650e+06, 1.0000e-04
6.0660e+06, 1.0000e-04
6.0670e+06, 1.0000e-04
6.0680e+06, 1.0000e-04
6.0700e+06, 1.0000e-04
6.0710e+06, 1.0000e-04
6.0720e+06, 1.0000e-04
6.0730e+06, 1.0000e-04
6.0740e+06, 1.0000e-04
6.0750e+06, 1.0000e-04
6.0760e+06, 1.0000e-04
6.0770e+06, 1.0000e-04
6.0780e+06, 1.0000e-04
6.0790e+06, 1.0000e-04
6.0800e+06, 1.0000e-04
6.0820e+06, 1.0000e-04
6.0840e+06, 1.0000e-04
6.0850e+06, 1.0000e-04
6.0860e+06, 1.0000e-04
6.0880e+06, 1.0000e-04
6.0900e+06, 1.0000e-04
6.0920e+06, 1.0000e-04
6.0940e+06, 1.0000e-04
6.0960e+06, 1.0000e-04
6.0980e+06, 1.0000e-04
6.1000e+06, 1.0000e-04
6.1020e+06, 1.0000e-04
6.1040e+06, 1.0000e-04
6.1060e+06, 1.0000e-04
6.1080e+06, 1.0000e-04
6.1100e+06, 1.0000e-04
6.1150e+06, 1.0000e-04
6.1200e+06, 1.0000e-04
6.1250e+06, 1.0000e-04
6.1300e+06, 1.0000e-04
6.1400e+06, 1.0000e-04
6.1500e+06, 1.0000e-04
6.1600e+06, 1.0000e-04
6.1700e+06, 1.0000e-04
6.1750e+06, 1.0000e-04
6.1800e+06, 1.0000e-04
6.1900e+06, 1.0000e-04
6.2000e+06, 1.0000e-04
6.2100e+06, 1.0000e-04
6.2200e+06, 1.0000e-04
6.2250e+06, 1.0000e-04
6.2300e+06, 1.0000e-04
6.2400e+06, 1.0000e-04
6.2500e+06, 1.0000e-04
6.2600e+06, 1.0000e-04
6.2700e+06, 1.0000e-04
6.2710e+06, 1.0000e-04
6.2722e+06, 1.0000e-04
6.2722e+06, 1.0000e-04
6.2722e+06, 1.0000e-04
6.2723e+06, 1.0000e-04
6.2750e+06, 1.0000e-04
6.2800e+06, 1.0000e-04
6.2900e+06, 1.0000e-04
6.3000e+06, 1.0000e-04
6.3020e+06, 1.0000e-04
6.3040e+06, 1.0000e-04
6.3060e+06, 1.0000e-04
6.3080e+06, 1.0000e-04
6.3100e+06, 1.0000e-04
6.3120e+06, 1.0000e-04
6.3140e+06, 1.0000e-04
6.3160e+06, 1.0000e-04
6.3180e+06, 1.0000e-04
6.3200e+06, 1.0000e-04
6.3220e+06, 1.0000e-04
6.3240e+06, 1.0000e-04
6.3250e+06, 1.0000e-04
6.3260e+06, 1.0000e-04
6.3280e+06, 1.0000e-04
6.3300e+06, 1.0000e-04
6.3320e+06, 1.0000e-04
6.3340e+06, 1.0000e-04
6.3360e+06, 1.0000e-04
6.3380e+06, 1.0000e-04
6.3400e+06, 1.0000e-04
6.3420e+06, 1.0000e-04
6.3440e+06, 1.0000e-04
6.3460e+06, 1.0000e-04
6.3480e+06, 1.0000e-04
6.3500e+06, 1.0000e-04
6.3520e+06, 1.0000e-04
6.3540e+06, 1.0000e-04
6.3560e+06, 1.0000e-04
6.3580e+06, 1.0000e-04
6.3600e+06, 1.0000e-04
6.3620e+06, 1.0000e-04
6.3640e+06, 1.0000e-04
6.3660e+06, 1.0000e-04
6.3680e+06, 1.0000e-04
6.3700e+06, 1.0000e-04
6.3720e+06, 1.0000e-04
6.3740e+06, 1.0000e-04
6.3750e+06, 1.0000e-04
6.3760e+06, 1.0000e-04
6.3780e+06, 1.0000e-04
6.3800e+06, 1.0000e-04
6.3820e+06, 1.0000e-04
6.3840e+06, 1.0000e-04
6.3850e+06, 1.0000e-04
6.3860e+06, 1.0000e-04
6.3880e+06, 1.0000e-04
6.3900e+06, 1.0000e-04
6.3920e+06, 1.0000e-04
6.3940e+06, 1.0000e-04
6.3950e+06, 1.0000e-04
6.3960e+06, 1.0000e-04
6.3980e+06, 1.0000e-04
6.4000e+06, 1.0000e-04
6.4020e+06, 1.0000e-04
6.4040e+06, 1.0000e-04
6.4050e+06, 1.0000e-04
6.4060e+06, 1.0000e-04
6.4080e+06, 1.0000e-04
6.4100e+06, 1.0000e-04
6.4120e+06, 1.0000e-04
6.4140e+06, 1.0000e-04
6.4150e+06, 1.0000e-04
6.4160e+06, 1.0000e-04
6.4180e+06, 1.0000e-04
6.4200e+06, 1.0000e-04
6.4220e+06, 1.0000e-04
6.4240e+06, 1.0000e-04
6.4250e+06, 1.0000e-04
6.4260e+06, 1.0000e-04
6.4280e+06, 1.0000e-04
6.4300e+06, 1.0000e-04
6.4309e+06, 1.0000e-04
6.4309e+06, 1.0000e-04
6.4309e+06, 1.0000e-04
6.4310e+06, 1.0000e-04
6.4310e+06, 1.0000e-04
6.4320e+06, 1.0000e-04
6.4340e+06, 1.0000e-04
6.4360e+06, 1.0000e-04
6.4380e+06, 1.0000e-04
6.4400e+06, 1.0000e-04
6.4420e+06, 1.0000e-04
6.4440e+06, 1.0000e-04
6.4460e+06, 1.0000e-04
6.4480e+06, 1.0000e-04
6.4500e+06, 1.0000e-04
6.4510e+06, 1.0000e-04
6.4520e+06, 1.0000e-04
6.4521e+06, 1.0000e-04
6.4521e+06, 1.0000e-04
6.4521e+06, 1.0000e-04
6.4522e+06, 1.0000e-04
6.4522e+06, 1.0000e-04
6.4523e+06, 1.0000e-04
6.4540e+06, 1.0000e-04
6.4560e+06, 1.0000e-04
6.4580e+06, 1.0000e-04
6.4600e+06, 1.0000e-04
6.4620e+06, 1.0000e-04
6.4640e+06, 1.0000e-04
6.4660e+06, 1.0000e-04
6.4680e+06, 1.0000e-04
6.4700e+06, 1.0000e-04
6.4720e+06, 1.0000e-04
6.4740e+06, 1.0000e-04
6.4750e+06, 1.0000e-04
6.4760e+06, 1.0000e-04
6.4780e+06, 1.0000e-04
6.4800e+06, 1.0000e-04
6.4820e+06, 1.0000e-04
6.4840e+06, 1.0000e-04
6.4860e+06, 1.0000e-04
6.4880e+06, 1.0000e-04
6.4900e+06, 1.0000e-04
6.4920e+06, 1.0000e-04
6.4940e+06, 1.0000e-04
6.4960e+06, 1.0000e-04
6.4980e+06, 1.0000e-04
6.5000e+06, 1.0000e-04
6.5020e+06, 1.0000e-04
6.5040e+06, 1.0000e-04
6.5060e+06, 1.0000e-04
6.5080e+06, 1.0000e-04
6.5100e+06, 1.0000e-04
6.5120e+06, 1.0000e-04
6.5140e+06, 1.0000e-04
6.5160e+06, 1.0000e-04
6.5165e+06, 1.0000e-04
6.5165e+06, 1.0000e-04
6.5166e+06, 1.0000e-04
6.5166e+06, 1.0000e-04
6.5180e+06, 1.0000e-04
6.5200e+06, 1.0000e-04
6.5220e+06, 1.0000e-04
6.5240e+06, 1.0000e-04
6.5250e+06, 1.0000e-04
6.5260e+06, 1.0000e-04
6.5280e+06, 1.0000e-04
6.5300e+06, 1.0000e-04
6.5320e+06, 1.0000e-04
6.5340e+06, 1.0000e-04
6.5360e+06, 1.0000e-04
6.5380e+06, 1.0000e-04
6.5400e+06, 1.0000e-04
6.5420e+06, 1.0000e-04
6.5440e+06, 1.0000e-04
6.5460e+06, 1.0000e-04
6.5480e+06, 1.0000e-04
6.5500e+06, 1.0000e-04
6.5520e+06, 1.0000e-04
6.5540e+06, 1.0000e-04
6.5560e+06, 1.0000e-04
6.5580e+06, 1.0000e-04
6.5600e+06, 1.0000e-04
6.5620e+06, 1.0000e-04
6.5640e+06, 1.0000e-04
6.5660e+06, 1.0000e-04
6.5680e+06, 1.0000e-04
6.5700e+06, 1.0000e-04
6.5720e+06, 1.0000e-04
6.5740e+06, 1.0000e-04
6.5750e+06, 1.0000e-04
6.5760e+06, 1.0000e-04
6.5780e+06, 1.0000e-04
6.5800e+06, 1.0000e-04
6.5820e+06, 1.0000e-04
6.5840e+06, 1.0000e-04
6.5860e+06, 1.0000e-04
6.5880e+06, 1.0000e-04
6.5900e+06, 1.0000e-04
6.5920e+06, 1.0000e-04
6.5940e+06, 1.0000e-04
6.5960e+06, 1.0000e-04
6.5980e+06, 1.0000e-04
6.6000e+06, 1.0000e-04
6.6020e+06, 1.0000e-04
6.6040e+06, 1.0000e-04
6.6060e+06, 1.0000e-04
6.6080e+06, 1.0000e-04
6.6100e+06, 1.0000e-04
6.6120e+06, 1.0000e-04
6.6140e+06, 1.0000e-04
6.6160e+06, 1.0000e-04
6.6180e+06, 1.0000e-04
6.6200e+06, 1.0000e-04
6.6220e+06, 1.0000e-04
6.6240e+06, 1.0000e-04
6.6250e+06, 1.0000e-04
6.6260e+06, 1.0000e-04
6.6280e+06, 1.0000e-04
6.6300e+06, 1.0000e-04
6.6320e+06, 1.0000e-04
6.6340e+06, 1.0000e-04
6.6360e+06, 1.0000e-04
6.6380e+06, 1.0000e-04
6.6400e+06, 1.0000e-04
6.6420e+06, 1.0000e-04
6.6440e+06, 1.0000e-04
6.6460e+06, 1.0000e-04
6.6480e+06, 1.0000e-04
6.6500e+06, 1.0000e-04
6.6520e+06, 1.0000e-04
6.6540e+06, 1.0000e-04
6.6550e+06, 1.0000e-04
6.6560e+06, 1.0000e-04
6.6580e+06, 1.0000e-04
6.6600e+06, 1.0000e-04
6.6620e+06, 1.0000e-04
6.6640e+06, 1.0000e-04
6.6650e+06, 1.0000e-04
6.6660e+06, 1.0000e-04
6.6680e+06, 1.0000e-04
6.6700e+06, 1.0000e-04
6.6720e+06, 1.0000e-04
6.6740e+06, 1.0000e-04
6.6750e+06, 1.0000e-04
6.6760e+06, 1.0000e-04
6.6780e+06, 1.0000e-04
6.6800e+06, 1.0000e-04
6.6820e+06, 1.0000e-04
6.6840e+06, 1.0000e-04
6.6850e+06, 1.0000e-04
6.6860e+06, 1.0000e-04
6.6880e+06, 1.0000e-04
6.6900e+06, 1.0000e-04
6.6920e+06, 1.0000e-04
6.6940e+06, 1.0000e-04
6.6950e+06, 1.0000e-04
6.6960e+06, 1.0000e-04
6.6980e+06, 1.0000e-04
6.7000e+06, 1.0000e-04
6.7100e+06, 1.0000e-04
6.7200e+06, 1.0000e-04
6.7250e+06, 1.0000e-04
6.7300e+06, 1.0000e-04
6.7400e+06, 1.0000e-04
6.7500e+06, 1.0000e-04
6.7600e+06, 1.0000e-04
6.7700e+06, 1.0000e-04
6.7750e+06, 1.0000e-04
6.7800e+06, 1.0000e-04
6.7900e+06, 1.0000e-04
6.7950e+06, 1.0000e-04
6.8000e+06, 1.0000e-04
6.8050e+06, 1.0000e-04
6.8100e+06, 1.0000e-04
6.8200e+06, 1.0000e-04
6.8250e+06, 1.0000e-04
6.8300e+06, 1.0000e-04
6.8400e+06, 1.0000e-04
6.8500e+06, 1.0000e-04
6.8600e+06, 1.0000e-04
6.8750e+06, 1.0000e-04
6.8800e+06, 1.0000e-04
6.9000e+06, 1.0000e-04
6.9200e+06, 1.0000e-04
6.9250e+06, 1.0000e-04
6.9400e+06, 1.0000e-04
6.9500e+06, 1.0000e-04
6.9600e+06, 1.0000e-04
6.9750e+06, 1.0000e-04
6.9800e+06, 1.0000e-04
7.0000e+06, 1.0000e-04
7.0200e+06, 1.0000e-04
7.0250e+06, 1.0000e-04
7.0300e+06, 1.0000e-04
7.0350e+06, 1.0000e-04
7.0400e+06, 1.0000e-04
7.0450e+06, 1.0000e-04
7.0500e+06, 1.0000e-04
7.0550e+06, 1.0000e-04
7.0600e+06, 1.0000e-04
7.0650e+06, 1.0000e-04
7.0700e+06, 1.0000e-04
7.0750e+06, 1.0000e-04
7.0800e+06, 1.0000e-04
7.0900e+06, 1.0000e-04
7.1000e+06, 1.0000e-04
7.1200e+06, 1.0000e-04
7.1250e+06, 1.0000e-04
7.1400e+06, 1.0000e-04
7.1500e+06, 1.0000e-04
7.1600e+06, 1.0000e-04
7.1700e+06, 1.0000e-04
7.1750e+06, 1.0000e-04
7.1800e+06, 1.0000e-04
7.1900e+06, 1.0000e-04
7.2000e+06, 1.0000e-04
7.2100e+06, 1.0000e-04
7.2200e+06, 1.0000e-04
7.2250e+06, 1.0000e-04
7.2300e+06, 1.0000e-04
7.2400e+06, 1.0000e-04
7.2500e+06, 1.0000e-04
7.2600e+06, 1.0000e-04
7.2750e+06, 1.0000e-04
7.2800e+06, 1.0000e-04
7.3000e+06, 1.0000e-04
7.3200e+06, 1.0000e-04
7.3250e+06, 1.0000e-04
7.3300e+06, 1.0000e-04
7.3350e+06, 1.0000e-04
7.3400e+06, 1.0000e-04
7.3450e+06, 1.0000e-04
7.3500e+06, 1.0000e-04
7.3530e+06, 1.0000e-04
7.3533e+06, 1.0000e-04
7.3533e+06, 1.0000e-04
7.3534e+06, 1.0000e-04
7.3534e+06, 1.0000e-04
7.3550e+06, 1.0000e-04
7.3600e+06, 1.0000e-04
7.3650e+06, 1.0000e-04
7.3700e+06, 1.0000e-04
7.3750e+06, 1.0000e-04
7.3800e+06, 1.0000e-04
7.3850e+06, 1.0000e-04
7.3900e+06, 1.0000e-04
7.4000e+06, 1.0000e-04
7.4200e+06, 1.0000e-04
7.4250e+06, 1.0000e-04
7.4400e+06, 1.0000e-04
7.4500e+06, 1.0000e-04
7.4600e+06, 1.0000e-04
7.4750e+06, 1.0000e-04
7.4800e+06, 1.0000e-04
7.5000e+06, 1.0000e-04
7.5200e+06, 1.0000e-04
7.5250e+06, 1.0000e-04
7.5400e+06, 1.0000e-04
7.5500e+06, 1.0000e-04
7.5600e+06, 1.0000e-04
7.5656e+06, 1.0000e-04
7.5656e+06, 1.0000e-04
7.5657e+06, 1.0000e-04
7.5658e+06, 1.0000e-04
7.5658e+06, 1.0000e-04
7.5680e+06, 1.0000e-04
7.5750e+06, 1.0000e-04
7.6000e+06, 1.0000e-04
7.6136e+06, 1.0000e-04
7.6136e+06, 1.0000e-04
7.6250e+06, 1.0000e-04
7.6400e+06, 1.0000e-04
7.6500e+06, 1.0000e-04
7.6600e+06, 1.0000e-04
7.6750e+06, 1.0000e-04
7.6800e+06, 1.0000e-04
7.7000e+06, 1.0000e-04
7.7250e+06, 1.0000e-04
7.7400e+06, 1.0000e-04
7.7500e+06, 1.0000e-04
7.7600e+06, 1.0000e-04
7.7750e+06, 1.0000e-04
7.7800e+06, 1.0000e-04
7.8000e+06, 1.0000e-04
7.8200e+06, 1.0000e-04
7.8250e+06, 1.0000e-04
7.8400e+06, 1.0000e-04
7.8500e+06, 1.0000e-04
7.8600e+06, 1.0000e-04
7.8750e+06, 1.0000e-04
7.8800e+06, 1.0000e-04
7.9000e+06, 1.0000e-04
7.9200e+06, 1.0000e-04
7.9250e+06, 1.0000e-04
7.9400e+06, 1.0000e-04
7.9500e+06, 1.0000e-04
7.9600e+06, 1.0000e-04
7.9750e+06, 1.0000e-04
7.9800e+06, 1.0000e-04
8.0000e+06, 1.0000e-04
8.0200e+06, 1.0000e-04
8.0250e+06, 1.0000e-04
8.0400e+06, 1.0000e-04
8.0600e+06, 1.0000e-04
8.0750e+06, 1.0000e-04
8.0800e+06, 1.0000e-04
8.1000e+06, 1.0000e-04
8.1250e+06, 1.0000e-04
8.1500e+06, 1.0000e-04
8.1750e+06, 1.0000e-04
8.2000e+06, 1.0000e-04
8.2250e+06, 1.0000e-04
8.2400e+06, 1.0000e-04
8.2500e+06, 1.0000e-04
8.2750e+06, 1.0000e-04
8.2800e+06, 1.0000e-04
8.3000e+06, 1.0000e-04
8.3200e+06, 1.0000e-04
8.3250e+06, 1.0000e-04
8.3400e+06, 1.0000e-04
8.3500e+06, 1.0000e-04
8.3600e+06, 1.0000e-04
8.3750e+06, 1.0000e-04
8.4000e+06, 1.0000e-04
8.4250e+06, 1.0000e-04
8.4400e+06, 1.0000e-04
8.4500e+06, 1.0000e-04
8.4600e+06, 1.0000e-04
8.4750e+06, 1.0000e-04
8.5000e+06, 1.0000e-04
8.5200e+06, 1.0000e-04
8.5250e+06, 1.0000e-04
8.5400e+06, 1.0000e-04
8.5500e+06, 1.0000e-04
8.5600e+06, 1.0000e-04
8.5750e+06, 1.0000e-04
8.6000e+06, 1.0000e-04
8.6200e+06, 1.0000e-04
8.6250e+06, 1.0000e-04
8.6400e+06, 1.0000e-04
8.6500e+06, 1.0000e-04
8.6600e+06, 1.0000e-04
8.6750e+06, 1.0000e-04
8.6800e+06, 1.0000e-04
8.7000e+06, 1.0000e-04
8.7200e+06, 1.0000e-04
8.7250e+06, 1.0000e-04
8.7400e+06, 1.0000e-04
8.7450e+06, 1.0000e-04
8.7500e+06, 1.0000e-04
8.7600e+06, 1.0000e-04
8.7750e+06, 1.0000e-04
8.7800e+06, 1.0000e-04
8.8000e+06, 1.0000e-04
8.8200e+06, 1.0000e-04
8.8250e+06, 1.0000e-04
8.8400e+06, 1.0000e-04
8.8500e+06, 1.0000e-04
8.8600e+06, 1.0000e-04
8.8750e+06, 1.0000e-04
8.8800e+06, 1.0000e-04
8.9000e+06, 1.0000e-04
8.9200e+06, 1.0000e-04
8.9250e+06, 1.0000e-04
8.9400e+06, 1.0000e-04
8.9500e+06, 1.0000e-04
8.9600e+06, 1.0000e-04
8.9750e+06, 1.0000e-04
8.9800e+06, 1.0000e-04
8.9870e+06, 1.0000e-04
9.0000e+06, 1.0000e-04
9.0200e+06, 1.0000e-04
9.0250e+06, 1.0000e-04
9.0400e+06, 1.0000e-04
9.0500e+06, 1.0000e-04
9.0600e+06, 1.0000e-04
9.0750e+06, 1.0000e-04
9.0800e+06, 1.0000e-04
9.1000e+06, 1.0000e-04
9.1200e+06, 1.0000e-04
9.1250e+06, 1.0000e-04
9.1360e+06, 1.0000e-04
9.1400e+06, 1.0000e-04
9.1500e+06, 1.0000e-04
9.1600e+06, 1.0000e-04
9.1750e+06, 1.0000e-04
9.1800e+06, 1.0000e-04
9.2000e+06, 1.0000e-04
9.2250e+06, 1.0000e-04
9.2480e+06, 1.0000e-04
9.2500e+06, 1.0000e-04
9.2750e+06, 1.0000e-04
9.3000e+06, 1.0000e-04
9.3250e+06, 1.0000e-04
9.3500e+06, 1.0000e-04
9.3750e+06, 1.0000e-04
9.4000e+06, 1.0000e-04
9.4250e+06, 1.0000e-04
9.4310e+06, 1.0000e-04
9.4314e+06, 1.0000e-04
9.4314e+06, 1.0000e-04
9.4314e+06, 1.0000e-04
9.4315e+06, 1.0000e-04
9.4500e+06, 1.0000e-04
9.4700e+06, 1.0000e-04
9.4750e+06, 1.0000e-04
9.5000e+06, 1.0000e-04
9.5080e+06, 1.0000e-04
9.5250e+06, 1.0000e-04
9.5500e+06, 1.0000e-04
9.5750e+06, 1.0000e-04
9.6000e+06, 1.0000e-04
9.6250e+06, 1.0000e-04
9.6500e+06, 1.0000e-04
9.6750e+06, 1.0000e-04
9.6760e+06, 1.0000e-04
9.7000e+06, 1.0000e-04
9.7200e+06, 1.0000e-04
9.7250e+06, 1.0000e-04
9.7400e+06, 1.0000e-04
9.7500e+06, 1.0000e-04
9.7600e+06, 1.0000e-04
9.7750e+06, 1.0000e-04
9.7800e+06, 1.0000e-04
9.8000e+06, 1.0000e-04
9.8250e+06, 1.0000e-04
9.8500e+06, 1.0000e-04
9.8750e+06, 1.0000e-04
9.9000e+06, 1.0000e-04
9.9250e+06, 1.0000e-04
9.9500e+06, 1.0000e-04
9.9750e+06, 1.0000e-04
1.0000e+07, 1.0000e-04
1.0050e+07, 1.0000e-04
1.0100e+07, 1.0000e-04
1.0122e+07, 1.0000e-04
1.0150e+07, 1.0000e-04
1.0189e+07, 1.0000e-04
1.0189e+07, 1.0000e-04
1.0189e+07, 1.0000e-04
1.0190e+07, 1.0000e-04
1.0190e+07, 1.0000e-04
1.0200e+07, 1.0000e-04
1.0202e+07, 1.0000e-04
1.0245e+07, 1.0000e-04
1.0245e+07, 1.0000e-04
1.0245e+07, 1.0000e-04
1.0245e+07, 1.0000e-04
1.0247e+07, 1.0000e-04
1.0250e+07, 1.0000e-04
1.0300e+07, 1.0000e-04
1.0350e+07, 1.0000e-04
1.0372e+07, 1.0000e-04
1.0372e+07, 1.0000e-04
1.0372e+07, 1.0000e-04
1.0400e+07, 1.0000e-04
1.0450e+07, 1.0000e-04
1.0465e+07, 1.0000e-04
1.0465e+07, 1.0000e-04
1.0468e+07, 1.0000e-04
1.0500e+07, 1.0000e-04
1.0526e+07, 1.0000e-04
1.0528e+07, 1.0000e-04
1.0528e+07, 1.0000e-04
1.0528e+07, 1.0000e-04
1.0550e+07, 1.0000e-04
1.0560e+07, 1.0000e-04
1.0560e+07, 1.0000e-04
1.0560e+07, 1.0000e-04
1.0563e+07, 1.0000e-04
1.0600e+07, 1.0000e-04
1.0650e+07, 1.0000e-04
1.0667e+07, 1.0000e-04
1.0667e+07, 1.0000e-04
1.0667e+07, 1.0000e-04
1.0669e+07, 1.0000e-04
1.0680e+07, 1.0000e-04
1.0690e+07, 1.0000e-04
1.0700e+07, 1.0000e-04
1.0710e+07, 1.0000e-04
1.0720e+07, 1.0000e-04
1.0730e+07, 1.0000e-04
1.0740e+07, 1.0000e-04
1.0750e+07, 1.0000e-04
1.0760e+07, 1.0000e-04
1.0770e+07, 1.0000e-04
1.0780e+07, 1.0000e-04
1.0790e+07, 1.0000e-04
1.0800e+07, 1.0000e-04
1.0810e+07, 1.0000e-04
1.0820e+07, 1.0000e-04
1.0830e+07, 1.0000e-04
1.0840e+07, 1.0000e-04
1.0850e+07, 1.0000e-04
1.0860e+07, 1.0000e-04
1.0870e+07, 1.0000e-04
1.0880e+07, 1.0000e-04
1.0890e+07, 1.0000e-04
1.0900e+07, 1.0000e-04
1.0910e+07, 1.0000e-04
1.0920e+07, 1.0000e-04
1.0930e+07, 1.0000e-04
1.0940e+07, 1.0000e-04
1.0950e+07, 1.0000e-04
1.0960e+07, 1.0000e-04
1.0970e+07, 1.0000e-04
1.0980e+07, 1.0000e-04
1.0990e+07, 1.0000e-04
1.1000e+07, 1.0000e-04
1.1007e+07, 1.0000e-04
1.1009e+07, 1.0000e-04
1.1009e+07, 1.0000e-04
1.1050e+07, 1.0000e-04
1.1100e+07, 1.0000e-04
1.1150e+07, 1.0000e-04
1.1200e+07, 1.0000e-04
1.1220e+07, 1.0000e-04
1.1250e+07, 1.0000e-04
1.1300e+07, 1.0000e-04
1.1350e+07, 1.0000e-04
1.1400e+07, 1.0000e-04
1.1450e+07, 1.0000e-04
1.1500e+07, 1.0000e-04
1.1520e+07, 1.0000e-04
1.1540e+07, 1.0000e-04
1.1550e+07, 1.0000e-04
1.1600e+07, 1.0000e-04
1.1643e+07, 1.0000e-04
1.1648e+07, 1.0000e-04
1.1648e+07, 1.0000e-04
1.1648e+07, 1.0000e-04
1.1648e+07, 1.0000e-04
1.1650e+07, 1.0000e-04
1.1700e+07, 1.0000e-04
1.1750e+07, 1.0000e-04
1.1779e+07, 1.0000e-04
1.1779e+07, 1.0000e-04
1.1779e+07, 1.0000e-04
1.1779e+07, 1.0000e-04
1.1796e+07, 1.0000e-04
1.1797e+07, 1.0000e-04
1.1797e+07, 1.0000e-04
1.1800e+07, 1.0000e-04
1.1850e+07, 1.0000e-04
1.1900e+07, 1.0000e-04
1.1950e+07, 1.0000e-04
1.1970e+07, 1.0000e-04
1.2000e+07, 1.0000e-04
1.2050e+07, 1.0000e-04
1.2100e+07, 1.0000e-04
1.2110e+07, 1.0000e-04
1.2150e+07, 1.0000e-04
1.2161e+07, 1.0000e-04
1.2200e+07, 1.0000e-04
1.2247e+07, 1.0000e-04
1.2247e+07, 1.0000e-04
1.2248e+07, 1.0000e-04
1.2250e+07, 1.0000e-04
1.2300e+07, 1.0000e-04
1.2332e+07, 1.0000e-04
1.2332e+07, 1.0000e-04
1.2333e+07, 1.0000e-04
1.2350e+07, 1.0000e-04
1.2363e+07, 1.0000e-04
1.2370e+07, 1.0000e-04
1.2400e+07, 1.0000e-04
1.2450e+07, 1.0000e-04
1.2500e+07, 1.0000e-04
1.2550e+07, 1.0000e-04
1.2580e+07, 1.0000e-04
1.2600e+07, 1.0000e-04
1.2620e+07, 1.0000e-04
1.2650e+07, 1.0000e-04
1.2700e+07, 1.0000e-04
1.2750e+07, 1.0000e-04
1.2800e+07, 1.0000e-04
1.2809e+07, 1.0000e-04
1.2809e+07, 1.0000e-04
1.2813e+07, 1.0000e-04
1.2850e+07, 1.0000e-04
1.2892e+07, 1.0000e-04
1.2892e+07, 1.0000e-04
1.2900e+07, 1.0000e-04
1.2950e+07, 1.0000e-04
1.3000e+07, 1.0000e-04
1.3050e+07, 1.0000e-04
1.3100e+07, 1.0000e-04
1.3150e+07, 1.0000e-04
1.3200e+07, 1.0000e-04
1.3225e+07, 1.0000e-04
1.3225e+07, 1.0000e-04
1.3227e+07, 1.0000e-04
1.3250e+07, 1.0000e-04
1.3300e+07, 1.0000e-04
1.3318e+07, 1.0000e-04
1.3320e+07, 1.0000e-04
1.3320e+07, 1.0000e-04
1.3350e+07, 1.0000e-04
1.3400e+07, 1.0000e-04
1.3450e+07, 1.0000e-04
1.3500e+07, 1.0000e-04
1.3550e+07, 1.0000e-04
1.3600e+07, 1.0000e-04
1.3602e+07, 1.0000e-04
1.3603e+07, 1.0000e-04
1.3603e+07, 1.0000e-04
1.3610e+07, 1.0000e-04
1.3620e+07, 1.0000e-04
1.3630e+07, 1.0000e-04
1.3640e+07, 1.0000e-04
1.3650e+07, 1.0000e-04
1.3660e+07, 1.0000e-04
1.3670e+07, 1.0000e-04
1.3674e+07, 1.0000e-04
1.3674e+07, 1.0000e-04
1.3680e+07, 1.0000e-04
1.3690e+07, 1.0000e-04
1.3700e+07, 1.0000e-04
1.3710e+07, 1.0000e-04
1.3720e+07, 1.0000e-04
1.3730e+07, 1.0000e-04
1.3740e+07, 1.0000e-04
1.3750e+07, 1.0000e-04
1.3760e+07, 1.0000e-04
1.3770e+07, 1.0000e-04
1.3780e+07, 1.0000e-04
1.3785e+07, 1.0000e-04
1.3787e+07, 1.0000e-04
1.3787e+07, 1.0000e-04
1.3790e+07, 1.0000e-04
1.3800e+07, 1.0000e-04
1.3810e+07, 1.0000e-04
1.3820e+07, 1.0000e-04
1.3830e+07, 1.0000e-04
1.3840e+07, 1.0000e-04
1.3850e+07, 1.0000e-04
1.3860e+07, 1.0000e-04
1.3870e+07, 1.0000e-04
1.3880e+07, 1.0000e-04
1.3890e+07, 1.0000e-04
1.3900e+07, 1.0000e-04
1.3950e+07, 1.0000e-04
1.3979e+07, 1.0000e-04
1.4000e+07, 1.0000e-04
1.4050e+07, 1.0000e-04
1.4100e+07, 1.0000e-04
1.4150e+07, 1.0000e-04
1.4200e+07, 1.0000e-04
1.4250e+07, 1.0000e-04
1.4298e+07, 1.0000e-04
1.4300e+07, 1.0000e-04
1.4350e+07, 1.0000e-04
1.4400e+07, 1.0000e-04
1.4450e+07, 1.0000e-04
1.4500e+07, 1.0000e-04
1.4550e+07, 1.0000e-04
1.4600e+07, 1.0000e-04
1.4617e+07, 1.0000e-04
1.4650e+07, 1.0000e-04
1.4700e+07, 1.0000e-04
1.4750e+07, 1.0000e-04
1.4800e+07, 1.0000e-04
1.4850e+07, 1.0000e-04
1.4900e+07, 1.0000e-04
1.4936e+07, 1.0000e-04
1.4950e+07, 1.0000e-04
1.5000e+07, 1.0000e-04
1.5020e+07, 1.0000e-04
1.5040e+07, 1.0000e-04
1.5050e+07, 1.0000e-04
1.5100e+07, 1.0000e-04
1.5150e+07, 1.0000e-04
1.5200e+07, 1.0000e-04
1.5250e+07, 1.0000e-04
1.5255e+07, 1.0000e-04
1.5300e+07, 1.0000e-04
1.5347e+07, 1.0000e-04
1.5350e+07, 1.0000e-04
1.5392e+07, 1.0000e-04
1.5392e+07, 1.0000e-04
1.5400e+07, 1.0000e-04
1.5450e+07, 1.0000e-04
1.5500e+07, 1.0000e-04
1.5550e+07, 1.0000e-04
1.5574e+07, 1.0000e-04
1.5600e+07, 1.0000e-04
1.5650e+07, 1.0000e-04
1.5700e+07, 1.0000e-04
1.5750e+07, 1.0000e-04
1.5800e+07, 1.0000e-04
1.5850e+07, 1.0000e-04
1.5893e+07, 1.0000e-04
1.5900e+07, 1.0000e-04
1.5950e+07, 1.0000e-04
1.6000e+07, 1.0000e-04
1.6100e+07, 1.0000e-04
1.6130e+07, 1.0000e-04
1.6161e+07, 1.0000e-04
1.6200e+07, 1.0000e-04
1.6205e+07, 1.0000e-04
1.6212e+07, 1.0000e-04
1.6300e+07, 1.0000e-04
1.6400e+07, 1.0000e-04
1.6410e+07, 1.0000e-04
1.6500e+07, 1.0000e-04
1.6531e+07, 1.0000e-04
1.6600e+07, 1.0000e-04
1.6615e+07, 1.0000e-04
1.6652e+07, 1.0000e-04
1.6700e+07, 1.0000e-04
1.6800e+07, 1.0000e-04
1.6820e+07, 1.0000e-04
1.6850e+07, 1.0000e-04
1.6900e+07, 1.0000e-04
1.7000e+07, 1.0000e-04
1.7025e+07, 1.0000e-04
1.7100e+07, 1.0000e-04
1.7168e+07, 1.0000e-04
1.7169e+07, 1.0000e-04
1.7200e+07, 1.0000e-04
1.7230e+07, 1.0000e-04
1.7250e+07, 1.0000e-04
1.7250e+07, 1.0000e-04
1.7300e+07, 1.0000e-04
1.7400e+07, 1.0000e-04
1.7435e+07, 1.0000e-04
1.7487e+07, 1.0000e-04
1.7488e+07, 1.0000e-04
1.7500e+07, 1.0000e-04
1.7600e+07, 1.0000e-04
1.7640e+07, 1.0000e-04
1.7700e+07, 1.0000e-04
1.7800e+07, 1.0000e-04
1.7806e+07, 1.0000e-04
1.7807e+07, 1.0000e-04
1.7845e+07, 1.0000e-04
1.7850e+07, 1.0000e-04
1.7851e+07, 1.0000e-04
1.7851e+07, 1.0000e-04
1.7900e+07, 1.0000e-04
1.8000e+07, 1.0000e-04
1.8050e+07, 1.0000e-04
1.8100e+07, 1.0000e-04
1.8125e+07, 1.0000e-04
1.8134e+07, 1.0000e-04
1.8134e+07, 1.0000e-04
1.8200e+07, 1.0000e-04
1.8255e+07, 1.0000e-04
1.8289e+07, 1.0000e-04
1.8289e+07, 1.0000e-04
1.8300e+07, 1.0000e-04
1.8400e+07, 1.0000e-04
1.8444e+07, 1.0000e-04
1.8460e+07, 1.0000e-04
1.8500e+07, 1.0000e-04
1.8572e+07, 1.0000e-04
1.8572e+07, 1.0000e-04
1.8600e+07, 1.0000e-04
1.8665e+07, 1.0000e-04
1.8700e+07, 1.0000e-04
1.8763e+07, 1.0000e-04
1.8800e+07, 1.0000e-04
1.8870e+07, 1.0000e-04
1.8900e+07, 1.0000e-04
1.9000e+07, 1.0000e-04
1.9075e+07, 1.0000e-04
1.9082e+07, 1.0000e-04
1.9100e+07, 1.0000e-04
1.9200e+07, 1.0000e-04
1.9280e+07, 1.0000e-04
1.9300e+07, 1.0000e-04
1.9365e+07, 1.0000e-04
1.9365e+07, 1.0000e-04
1.9400e+07, 1.0000e-04
1.9401e+07, 1.0000e-04
1.9485e+07, 1.0000e-04
1.9500e+07, 1.0000e-04
1.9589e+07, 1.0000e-04
1.9589e+07, 1.0000e-04
1.9600e+07, 1.0000e-04
1.9639e+07, 1.0000e-04
1.9639e+07, 1.0000e-04
1.9690e+07, 1.0000e-04
1.9700e+07, 1.0000e-04
1.9720e+07, 1.0000e-04
1.9800e+07, 1.0000e-04
1.9895e+07, 1.0000e-04
1.9900e+07, 1.0000e-04
2.0000e+07, 1.0000e-04
2.0100e+07, 1.0000e-04
2.0148e+07, 1.0000e-04
2.0148e+07, 1.0000e-04
2.0256e+07, 1.0000e-04
2.0256e+07, 1.0000e-04
2.0260e+07, 1.0000e-04
2.0260e+07, 1.0000e-04
2.0334e+07, 1.0000e-04
2.0334e+07, 1.0000e-04
2.0350e+07, 1.0000e-04
2.0420e+07, 1.0000e-04
2.0500e+07, 1.0000e-04
2.0617e+07, 1.0000e-04
2.0617e+07, 1.0000e-04
2.0650e+07, 1.0000e-04
2.0820e+07, 1.0000e-04
2.0820e+07, 1.0000e-04
2.0903e+07, 1.0000e-04
2.0903e+07, 1.0000e-04
2.0950e+07, 1.0000e-04
2.0976e+07, 1.0000e-04
2.0976e+07, 1.0000e-04
2.0995e+07, 1.0000e-04
2.0995e+07, 1.0000e-04
2.1000e+07, 1.0000e-04
2.1082e+07, 1.0000e-04
2.1082e+07, 1.0000e-04
2.1233e+07, 1.0000e-04
2.1233e+07, 1.0000e-04
2.1250e+07, 1.0000e-04
2.1442e+07, 1.0000e-04
2.1442e+07, 1.0000e-04
2.1500e+07, 1.0000e-04
2.1550e+07, 1.0000e-04
2.1594e+07, 1.0000e-04
2.1594e+07, 1.0000e-04
2.1636e+07, 1.0000e-04
2.1636e+07, 1.0000e-04
2.1725e+07, 1.0000e-04
2.1725e+07, 1.0000e-04
2.1850e+07, 1.0000e-04
2.1895e+07, 1.0000e-04
2.1895e+07, 1.0000e-04
2.1987e+07, 1.0000e-04
2.1987e+07, 1.0000e-04
2.2000e+07, 1.0000e-04
2.2044e+07, 1.0000e-04
2.2044e+07, 1.0000e-04
2.2150e+07, 1.0000e-04
2.2161e+07, 1.0000e-04
2.2223e+07, 1.0000e-04
2.2245e+07, 1.0000e-04
2.2245e+07, 1.0000e-04
2.2450e+07, 1.0000e-04
2.2500e+07, 1.0000e-04
2.2750e+07, 1.0000e-04
2.2864e+07, 1.0000e-04
2.2864e+07, 1.0000e-04
2.3000e+07, 1.0000e-04
2.3043e+07, 1.0000e-04
2.3050e+07, 1.0000e-04
2.3217e+07, 1.0000e-04
2.3350e+07, 1.0000e-04
2.3500e+07, 1.0000e-04
2.3650e+07, 1.0000e-04
2.3743e+07, 1.0000e-04
2.3743e+07, 1.0000e-04
2.3873e+07, 1.0000e-04
2.3944e+07, 1.0000e-04
2.3950e+07, 1.0000e-04
2.4000e+07, 1.0000e-04
2.4250e+07, 1.0000e-04
2.4386e+07, 1.0000e-04
2.4409e+07, 1.0000e-04
2.4409e+07, 1.0000e-04
2.4500e+07, 1.0000e-04
2.4550e+07, 1.0000e-04
2.4577e+07, 1.0000e-04
2.4577e+07, 1.0000e-04
2.4850e+07, 1.0000e-04
2.5000e+07, 1.0000e-04
2.5150e+07, 1.0000e-04
2.5450e+07, 1.0000e-04
2.5500e+07, 1.0000e-04
2.5750e+07, 1.0000e-04
2.6000e+07, 1.0000e-04
2.6050e+07, 1.0000e-04
2.6350e+07, 1.0000e-04
2.6500e+07, 1.0000e-04
2.6650e+07, 1.0000e-04
2.6950e+07, 1.0000e-04
2.7000e+07, 1.0000e-04
2.7250e+07, 1.0000e-04
2.7500e+07, 1.0000e-04
2.7550e+07, 1.0000e-04
2.7850e+07, 1.0000e-04
2.8000e+07, 1.0000e-04
2.8150e+07, 1.0000e-04
2.8450e+07, 1.0000e-04
2.8500e+07, 1.0000e-04
2.8750e+07, 1.0000e-04
2.9000e+07, 1.0000e-04
2.9050e+07, 1.0000e-04
2.9350e+07, 1.0000e-04
2.9500e+07, 1.0000e-04
2.9650e+07, 1.0000e-04
2.9950e+07, 1.0000e-04
3.0000e+07, 1.0000e-04
3.0000e+07, 0.0000e+00
3.0708e+07, 0.0000e+00
3.1000e+07, 0.0000e+00
3.1422e+07, 0.0000e+00
3.2000e+07, 0.0000e+00
3.3000e+07, 0.0000e+00
3.3263e+07, 0.0000e+00
3.4000e+07, 0.0000e+00
3.4148e+07, 0.0000e+00
3.4389e+07, 0.0000e+00
3.5000e+07, 0.0000e+00
3.5535e+07, 0.0000e+00
3.6000e+07, 0.0000e+00
3.7000e+07, 0.0000e+00
3.8000e+07, 0.0000e+00
3.9000e+07, 0.0000e+00
3.9130e+07, 0.0000e+00
4.0000e+07, 0.0000e+00
4.1000e+07, 0.0000e+00
4.2000e+07, 0.0000e+00
4.3000e+07, 0.0000e+00
4.4000e+07, 0.0000e+00
4.5000e+07, 0.0000e+00
4.6000e+07, 0.0000e+00
4.7000e+07, 0.0000e+00
4.8000e+07, 0.0000e+00
4.9000e+07, 0.0000e+00
5.0000e+07, 0.0000e+00
5.1000e+07, 0.0000e+00
5.2000e+07, 0.0000e+00
5.3000e+07, 0.0000e+00
5.4000e+07, 0.0000e+00
5.5000e+07, 0.0000e+00
5.6000e+07, 0.0000e+00
5.7000e+07, 0.0000e+00
5.8000e+07, 0.0000e+00
5.9000e+07, 0.0000e+00
6.0000e+07, 0.0000e+00
6.1000e+07, 0.0000e+00
6.2000e+07, 0.0000e+00
6.3000e+07, 0.0000e+00
6.4000e+07, 0.0000e+00
6.5000e+07, 0.0000e+00
6.6000e+07, 0.0000e+00
6.7000e+07, 0.0000e+00
6.8000e+07, 0.0000e+00
6.9000e+07, 0.0000e+00
7.0000e+07, 0.0000e+00
7.1000e+07, 0.0000e+00
7.2000e+07, 0.0000e+00
7.3000e+07, 0.0000e+00
7.4000e+07, 0.0000e+00
7.5000e+07, 0.0000e+00
7.6000e+07, 0.0000e+00
7.7000e+07, 0.0000e+00
7.8000e+07, 0.0000e+00
7.9000e+07, 0.0000e+00
8.0000e+07, 0.0000e+00
8.1000e+07, 0.0000e+00
8.2000e+07, 0.0000e+00
8.3000e+07, 0.0000e+00
8.4000e+07, 0.0000e+00
8.5000e+07, 0.0000e+00
8.6000e+07, 0.0000e+00
8.7000e+07, 0.0000e+00
8.8000e+07, 0.0000e+00
8.9000e+07, 0.0000e+00
9.0000e+07, 0.0000e+00
9.1000e+07, 0.0000e+00
9.2000e+07, 0.0000e+00
9.3000e+07, 0.0000e+00
9.4000e+07, 0.0000e+00
9.5000e+07, 0.0000e+00
9.6000e+07, 0.0000e+00
9.7000e+07, 0.0000e+00
9.8000e+07, 0.0000e+00
9.9000e+07, 0.0000e+00
1.0000e+08, 0.0000e+00
1.0200e+08, 0.0000e+00
1.0400e+08, 0.0000e+00
1.0600e+08, 0.0000e+00
1.0800e+08, 0.0000e+00
1.1000e+08, 0.0000e+00
1.1200e+08, 0.0000e+00
1.1400e+08, 0.0000e+00
1.1600e+08, 0.0000e+00
1.1800e+08, 0.0000e+00
1.2000e+08, 0.0000e+00
1.2200e+08, 0.0000e+00
1.2400e+08, 0.0000e+00
1.2600e+08, 0.0000e+00
1.2800e+08, 0.0000e+00
1.3000e+08, 0.0000e+00
1.3200e+08, 0.0000e+00
1.3400e+08, 0.0000e+00
1.3600e+08, 0.0000e+00
1.3800e+08, 0.0000e+00
1.4000e+08, 0.0000e+00
1.4200e+08, 0.0000e+00
1.4400e+08, 0.0000e+00
1.4600e+08, 0.0000e+00
1.4800e+08, 0.0000e+00
1.5000e+08, 0.0000e+00
