ebin, xs
1.0000e-05, 7.4946e+03
1.0625e-05, 7.2708e+03
1.1250e-05, 7.0660e+03
1.1875e-05, 6.8775e+03
1.2500e-05, 6.7034e+03
1.3750e-05, 6.3914e+03
1.5000e-05, 6.1193e+03
1.6250e-05, 5.8792e+03
1.7500e-05, 5.6654e+03
1.8750e-05, 5.4733e+03
2.0000e-05, 5.2995e+03
2.1875e-05, 5.0673e+03
2.3750e-05, 4.8631e+03
2.5625e-05, 4.6818e+03
2.7500e-05, 4.5194e+03
2.9375e-05, 4.3728e+03
3.1250e-05, 4.2396e+03
3.3125e-05, 4.1179e+03
3.5000e-05, 4.0061e+03
3.8750e-05, 3.8073e+03
4.2500e-05, 3.6354e+03
4.6250e-05, 3.4849e+03
5.0000e-05, 3.3517e+03
5.3125e-05, 3.2516e+03
5.6250e-05, 3.1600e+03
5.9375e-05, 3.0758e+03
6.2500e-05, 2.9979e+03
6.8750e-05, 2.8584e+03
7.5000e-05, 2.7367e+03
8.1250e-05, 2.6293e+03
8.7500e-05, 2.5337e+03
9.3750e-05, 2.4478e+03
1.0000e-04, 2.3701e+03
1.0625e-04, 2.2993e+03
1.1250e-04, 2.2345e+03
1.1875e-04, 2.1749e+03
1.2500e-04, 2.1199e+03
1.3750e-04, 2.0212e+03
1.5000e-04, 1.9352e+03
1.6250e-04, 1.8593e+03
1.7500e-04, 1.7916e+03
1.8750e-04, 1.7309e+03
2.0000e-04, 1.6759e+03
2.1875e-04, 1.6025e+03
2.3750e-04, 1.5380e+03
2.5625e-04, 1.4806e+03
2.7500e-04, 1.4293e+03
2.9375e-04, 1.3829e+03
3.1250e-04, 1.3408e+03
3.3125e-04, 1.3023e+03
3.5000e-04, 1.2669e+03
3.8750e-04, 1.2041e+03
4.2500e-04, 1.1498e+03
4.6250e-04, 1.1022e+03
5.0000e-04, 1.0601e+03
5.3125e-04, 1.0284e+03
5.6250e-04, 9.9945e+02
5.9375e-04, 9.7280e+02
6.2500e-04, 9.4818e+02
6.8750e-04, 9.0407e+02
7.5000e-04, 8.6560e+02
8.1250e-04, 8.3165e+02
8.7500e-04, 8.0142e+02
9.3750e-04, 7.7426e+02
1.0000e-03, 7.4969e+02
1.0625e-03, 7.2732e+02
1.1250e-03, 7.0684e+02
1.1875e-03, 6.8800e+02
1.2500e-03, 6.7060e+02
1.3750e-03, 6.3941e+02
1.5000e-03, 6.1222e+02
1.6250e-03, 5.8822e+02
1.7500e-03, 5.6685e+02
1.8750e-03, 5.4765e+02
2.0000e-03, 5.3028e+02
2.1875e-03, 5.0708e+02
2.3750e-03, 4.8668e+02
2.5625e-03, 4.6856e+02
2.7500e-03, 4.5234e+02
2.9375e-03, 4.3769e+02
3.1250e-03, 4.2438e+02
3.3125e-03, 4.1222e+02
3.5000e-03, 4.0105e+02
3.8750e-03, 3.8120e+02
4.2500e-03, 3.6403e+02
4.6250e-03, 3.4900e+02
5.0000e-03, 3.3570e+02
5.3125e-03, 3.2571e+02
5.6250e-03, 3.1656e+02
5.9375e-03, 3.0815e+02
6.2500e-03, 3.0038e+02
6.8750e-03, 2.8645e+02
7.5000e-03, 2.7431e+02
8.1250e-03, 2.6360e+02
8.7500e-03, 2.5405e+02
9.3750e-03, 2.4549e+02
1.0000e-02, 2.3774e+02
1.0625e-02, 2.3068e+02
1.1250e-02, 2.2423e+02
1.1875e-02, 2.1830e+02
1.2500e-02, 2.1282e+02
1.3750e-02, 2.0300e+02
1.5000e-02, 1.9443e+02
1.6250e-02, 1.8687e+02
1.7500e-02, 1.8014e+02
1.8750e-02, 1.7410e+02
2.0000e-02, 1.6863e+02
2.1325e-02, 1.6337e+02
2.2650e-02, 1.5859e+02
2.3975e-02, 1.5421e+02
2.5300e-02, 1.5019e+02
2.6844e-02, 1.4588e+02
2.8387e-02, 1.4194e+02
3.1475e-02, 1.3494e+02
3.4563e-02, 1.2890e+02
3.7650e-02, 1.2362e+02
4.0738e-02, 1.1895e+02
4.3825e-02, 1.1479e+02
4.6913e-02, 1.1105e+02
5.0000e-02, 1.0767e+02
5.3125e-02, 1.0456e+02
5.6250e-02, 1.0172e+02
5.9375e-02, 9.9107e+01
6.2500e-02, 9.6702e+01
6.8750e-02, 9.2395e+01
7.5000e-02, 8.8636e+01
8.1250e-02, 8.5324e+01
8.7500e-02, 8.2382e+01
9.3750e-02, 7.9745e+01
1.0000e-01, 7.7367e+01
1.0625e-01, 7.5212e+01
1.1250e-01, 7.3251e+01
1.2500e-01, 6.9784e+01
1.3750e-01, 6.6800e+01
1.5000e-01, 6.4212e+01
1.6250e-01, 6.1941e+01
1.7500e-01, 5.9929e+01
1.8750e-01, 5.8133e+01
2.0000e-01, 5.6523e+01
2.1875e-01, 5.4385e+01
2.3750e-01, 5.2516e+01
2.5625e-01, 5.0871e+01
2.7500e-01, 4.9413e+01
2.9375e-01, 4.8109e+01
3.1250e-01, 4.6937e+01
3.3125e-01, 4.5878e+01
3.5000e-01, 4.4924e+01
3.8750e-01, 4.3250e+01
4.2500e-01, 4.1830e+01
5.0000e-01, 3.9587e+01
5.6250e-01, 3.8159e+01
6.2500e-01, 3.7017e+01
6.8750e-01, 3.6098e+01
7.1875e-01, 3.5708e+01
7.5000e-01, 3.5362e+01
7.8125e-01, 3.5053e+01
8.1250e-01, 3.4778e+01
8.4375e-01, 3.4533e+01
8.5938e-01, 3.4421e+01
8.7500e-01, 3.4316e+01
8.9648e-01, 3.4183e+01
9.1797e-01, 3.4062e+01
9.3945e-01, 3.3952e+01
9.6094e-01, 3.3853e+01
9.8047e-01, 3.3771e+01
1.0000e+00, 3.3698e+01
1.0127e+00, 3.3655e+01
1.0254e+00, 3.3615e+01
1.0381e+00, 3.3578e+01
1.0508e+00, 3.3544e+01
1.0635e+00, 3.3513e+01
1.0762e+00, 3.3485e+01
1.0889e+00, 3.3461e+01
1.1016e+00, 3.3439e+01
1.1152e+00, 3.3418e+01
1.1289e+00, 3.3401e+01
1.1426e+00, 3.3386e+01
1.1562e+00, 3.3375e+01
1.1680e+00, 3.3368e+01
1.1797e+00, 3.3363e+01
1.1914e+00, 3.3360e+01
1.2031e+00, 3.3359e+01
1.2148e+00, 3.3361e+01
1.2266e+00, 3.3364e+01
1.2500e+00, 3.3377e+01
1.2656e+00, 3.3390e+01
1.2812e+00, 3.3407e+01
1.3125e+00, 3.3451e+01
1.3438e+00, 3.3508e+01
1.3750e+00, 3.3578e+01
1.4062e+00, 3.3661e+01
1.4375e+00, 3.3756e+01
1.4688e+00, 3.3864e+01
1.5000e+00, 3.3985e+01
1.5312e+00, 3.4117e+01
1.5625e+00, 3.4262e+01
1.5938e+00, 3.4419e+01
1.6250e+00, 3.4589e+01
1.6875e+00, 3.4966e+01
1.7500e+00, 3.5389e+01
1.8125e+00, 3.5862e+01
1.8750e+00, 3.6387e+01
1.9375e+00, 3.6963e+01
2.0000e+00, 3.7593e+01
2.0469e+00, 3.8103e+01
2.0938e+00, 3.8651e+01
2.1875e+00, 3.9848e+01
2.2812e+00, 4.1191e+01
2.3750e+00, 4.2701e+01
2.4688e+00, 4.4395e+01
2.5625e+00, 4.6296e+01
2.6562e+00, 4.8431e+01
2.7500e+00, 5.0832e+01
2.8438e+00, 5.3539e+01
2.9375e+00, 5.6601e+01
3.0312e+00, 6.0076e+01
3.1250e+00, 6.4040e+01
3.2188e+00, 6.8582e+01
3.3125e+00, 7.3820e+01
3.4062e+00, 7.9901e+01
3.5000e+00, 8.7014e+01
3.5820e+00, 9.4278e+01
3.6641e+00, 1.0274e+02
3.7461e+00, 1.1265e+02
3.8281e+00, 1.2428e+02
3.9102e+00, 1.3834e+02
3.9922e+00, 1.5540e+02
4.0332e+00, 1.6534e+02
4.0742e+00, 1.7639e+02
4.1152e+00, 1.8875e+02
4.1562e+00, 2.0263e+02
4.2031e+00, 2.2070e+02
4.2500e+00, 2.4158e+02
4.3027e+00, 2.6924e+02
4.3555e+00, 3.0246e+02
4.4082e+00, 3.4286e+02
4.4609e+00, 3.9268e+02
4.4873e+00, 4.2208e+02
4.5137e+00, 4.5509e+02
4.5400e+00, 4.9230e+02
4.5664e+00, 5.3448e+02
4.5928e+00, 5.8263e+02
4.6191e+00, 6.3809e+02
4.6455e+00, 7.0245e+02
4.6719e+00, 7.7771e+02
4.7012e+00, 8.7723e+02
4.7305e+00, 9.9814e+02
4.7598e+00, 1.1471e+03
4.7891e+00, 1.3335e+03
4.8037e+00, 1.4449e+03
4.8184e+00, 1.5712e+03
4.8330e+00, 1.7154e+03
4.8477e+00, 1.8810e+03
4.8623e+00, 2.0725e+03
4.8770e+00, 2.2959e+03
4.8916e+00, 2.5587e+03
4.9062e+00, 2.8709e+03
4.9180e+00, 3.1652e+03
4.9297e+00, 3.5085e+03
4.9414e+00, 3.9121e+03
4.9531e+00, 4.3902e+03
4.9648e+00, 4.9615e+03
4.9766e+00, 5.6491e+03
4.9883e+00, 6.4822e+03
5.0000e+00, 7.4960e+03
5.0105e+00, 8.5917e+03
5.0210e+00, 9.8975e+03
5.0315e+00, 1.1445e+04
5.0420e+00, 1.3262e+04
5.0525e+00, 1.5366e+04
5.0630e+00, 1.7755e+04
5.0735e+00, 2.0405e+04
5.0840e+00, 2.3259e+04
5.1030e+00, 2.8616e+04
5.1220e+00, 3.3499e+04
5.1315e+00, 3.5453e+04
5.1410e+00, 3.6924e+04
5.1505e+00, 3.7821e+04
5.1600e+00, 3.8086e+04
5.1716e+00, 3.7532e+04
5.1831e+00, 3.6073e+04
5.1947e+00, 3.3846e+04
5.2063e+00, 3.1050e+04
5.2526e+00, 1.8447e+04
5.2649e+00, 1.5581e+04
5.2772e+00, 1.3102e+04
5.2896e+00, 1.1011e+04
5.3019e+00, 9.2813e+03
5.3142e+00, 7.8660e+03
5.3266e+00, 6.7149e+03
5.3389e+00, 5.7793e+03
5.3512e+00, 5.0165e+03
5.3630e+00, 4.4166e+03
5.3748e+00, 3.9164e+03
5.3866e+00, 3.4960e+03
5.3983e+00, 3.1398e+03
5.4101e+00, 2.8355e+03
5.4219e+00, 2.5737e+03
5.4336e+00, 2.3467e+03
5.4454e+00, 2.1487e+03
5.4572e+00, 1.9749e+03
5.4690e+00, 1.8216e+03
5.4925e+00, 1.5645e+03
5.5160e+00, 1.3588e+03
5.5396e+00, 1.1917e+03
5.5598e+00, 1.0721e+03
5.5800e+00, 9.7010e+02
5.6001e+00, 8.8228e+02
5.6203e+00, 8.0613e+02
5.6405e+00, 7.3963e+02
5.6607e+00, 6.8118e+02
5.7010e+00, 5.8361e+02
5.7414e+00, 5.0602e+02
5.7818e+00, 4.4342e+02
5.8221e+00, 3.9223e+02
5.8625e+00, 3.4985e+02
5.8939e+00, 3.2176e+02
5.9253e+00, 2.9717e+02
5.9567e+00, 2.7553e+02
5.9880e+00, 2.5639e+02
6.0508e+00, 2.2426e+02
6.1136e+00, 1.9860e+02
6.1764e+00, 1.7787e+02
6.2392e+00, 1.6082e+02
6.3020e+00, 1.4666e+02
6.3647e+00, 1.3487e+02
6.4051e+00, 1.2832e+02
6.4455e+00, 1.2247e+02
6.5262e+00, 1.1255e+02
6.6069e+00, 1.0459e+02
6.6473e+00, 1.0121e+02
6.6876e+00, 9.8197e+01
6.7280e+00, 9.5501e+01
6.7684e+00, 9.3098e+01
6.8087e+00, 9.0962e+01
6.8491e+00, 8.9070e+01
6.8894e+00, 8.7404e+01
6.9298e+00, 8.5957e+01
6.9702e+00, 8.4717e+01
7.0105e+00, 8.3667e+01
7.0599e+00, 8.2624e+01
7.1092e+00, 8.1831e+01
7.1339e+00, 8.1523e+01
7.1585e+00, 8.1273e+01
7.1832e+00, 8.1079e+01
7.2078e+00, 8.0940e+01
7.2280e+00, 8.0867e+01
7.2482e+00, 8.0831e+01
7.2684e+00, 8.0830e+01
7.2886e+00, 8.0865e+01
7.3088e+00, 8.0935e+01
7.3289e+00, 8.1039e+01
7.3390e+00, 8.1105e+01
7.3491e+00, 8.1179e+01
7.3592e+00, 8.1262e+01
7.3693e+00, 8.1353e+01
7.3783e+00, 8.1442e+01
7.3872e+00, 8.1537e+01
7.3962e+00, 8.1639e+01
7.4052e+00, 8.1748e+01
7.4141e+00, 8.1864e+01
7.4231e+00, 8.1987e+01
7.4321e+00, 8.2116e+01
7.4410e+00, 8.2253e+01
7.4510e+00, 8.2412e+01
7.4610e+00, 8.2581e+01
7.4709e+00, 8.2757e+01
7.4809e+00, 8.2942e+01
7.4908e+00, 8.3136e+01
7.5008e+00, 8.3338e+01
7.5108e+00, 8.3550e+01
7.5207e+00, 8.3769e+01
7.5301e+00, 8.3985e+01
7.5395e+00, 8.4208e+01
7.5490e+00, 8.4439e+01
7.5584e+00, 8.4679e+01
7.5772e+00, 8.5181e+01
7.5960e+00, 8.5715e+01
7.6148e+00, 8.6283e+01
7.6336e+00, 8.6883e+01
7.6525e+00, 8.7517e+01
7.6713e+00, 8.8186e+01
7.6931e+00, 8.9003e+01
7.7148e+00, 8.9869e+01
7.7366e+00, 9.0782e+01
7.7584e+00, 9.1746e+01
7.7802e+00, 9.2760e+01
7.8020e+00, 9.3827e+01
7.8456e+00, 9.6126e+01
7.8892e+00, 9.8655e+01
7.9327e+00, 1.0143e+02
7.9763e+00, 1.0447e+02
8.0199e+00, 1.0779e+02
8.0558e+00, 1.1076e+02
8.0917e+00, 1.1395e+02
8.1275e+00, 1.1739e+02
8.1634e+00, 1.2109e+02
8.1993e+00, 1.2506e+02
8.2352e+00, 1.2933e+02
8.2710e+00, 1.3391e+02
8.3069e+00, 1.3885e+02
8.3428e+00, 1.4418e+02
8.3787e+00, 1.4992e+02
8.4145e+00, 1.5612e+02
8.4504e+00, 1.6282e+02
8.4863e+00, 1.7008e+02
8.5222e+00, 1.7796e+02
8.5580e+00, 1.8651e+02
8.5939e+00, 1.9580e+02
8.6471e+00, 2.1112e+02
8.7003e+00, 2.2860e+02
8.7536e+00, 2.4872e+02
8.8068e+00, 2.7199e+02
8.8600e+00, 2.9908e+02
8.9132e+00, 3.3084e+02
8.9664e+00, 3.6840e+02
9.0196e+00, 4.1326e+02
9.0689e+00, 4.6309e+02
9.1183e+00, 5.2308e+02
9.1429e+00, 5.5778e+02
9.1676e+00, 5.9620e+02
9.1923e+00, 6.3891e+02
9.2169e+00, 6.8658e+02
9.2416e+00, 7.4001e+02
9.2663e+00, 8.0016e+02
9.2909e+00, 8.6819e+02
9.3156e+00, 9.4556e+02
9.3403e+00, 1.0340e+03
9.3649e+00, 1.1359e+03
9.3896e+00, 1.2540e+03
9.4143e+00, 1.3921e+03
9.4389e+00, 1.5552e+03
9.4636e+00, 1.7498e+03
9.4883e+00, 1.9848e+03
9.5129e+00, 2.2724e+03
9.5376e+00, 2.6297e+03
9.5499e+00, 2.8418e+03
9.5623e+00, 3.0813e+03
9.5746e+00, 3.3532e+03
9.5869e+00, 3.6634e+03
9.5992e+00, 4.0194e+03
9.6116e+00, 4.4300e+03
9.6284e+00, 5.0982e+03
9.6452e+00, 5.9229e+03
9.6620e+00, 6.9474e+03
9.6704e+00, 7.5502e+03
9.6788e+00, 8.2228e+03
9.6873e+00, 8.9723e+03
9.6957e+00, 9.8061e+03
9.7041e+00, 1.0731e+04
9.7125e+00, 1.1754e+04
9.7293e+00, 1.4111e+04
9.7461e+00, 1.6895e+04
9.7595e+00, 1.9404e+04
9.7729e+00, 2.2125e+04
9.7997e+00, 2.7890e+04
9.8265e+00, 3.3283e+04
9.8399e+00, 3.5477e+04
9.8533e+00, 3.7143e+04
9.8667e+00, 3.8165e+04
9.8800e+00, 3.8481e+04
9.8950e+00, 3.7968e+04
9.9100e+00, 3.6583e+04
9.9250e+00, 3.4447e+04
9.9400e+00, 3.1740e+04
1.0000e+01, 1.9198e+04
1.0015e+01, 1.6492e+04
1.0029e+01, 1.4092e+04
1.0044e+01, 1.2013e+04
1.0059e+01, 1.0247e+04
1.0073e+01, 8.7653e+03
1.0088e+01, 7.5339e+03
1.0103e+01, 6.5151e+03
1.0117e+01, 5.6733e+03
1.0131e+01, 5.0285e+03
1.0144e+01, 4.4837e+03
1.0157e+01, 4.0210e+03
1.0171e+01, 3.6257e+03
1.0184e+01, 3.2858e+03
1.0198e+01, 2.9918e+03
1.0211e+01, 2.7357e+03
1.0225e+01, 2.5117e+03
1.0251e+01, 2.1393e+03
1.0278e+01, 1.8449e+03
1.0305e+01, 1.6079e+03
1.0332e+01, 1.4143e+03
1.0358e+01, 1.2606e+03
1.0383e+01, 1.1309e+03
1.0409e+01, 1.0203e+03
1.0435e+01, 9.2517e+02
1.0460e+01, 8.4269e+02
1.0486e+01, 7.7075e+02
1.0511e+01, 7.0762e+02
1.0537e+01, 6.5194e+02
1.0588e+01, 5.5862e+02
1.0640e+01, 4.8399e+02
1.0691e+01, 4.2337e+02
1.0742e+01, 3.7348e+02
1.0789e+01, 3.3559e+02
1.0835e+01, 3.0326e+02
1.0881e+01, 2.7543e+02
1.0928e+01, 2.5124e+02
1.0974e+01, 2.3003e+02
1.1021e+01, 2.1134e+02
1.1113e+01, 1.8017e+02
1.1206e+01, 1.5539e+02
1.1299e+01, 1.3538e+02
1.1392e+01, 1.1898e+02
1.1484e+01, 1.0538e+02
1.1582e+01, 9.3431e+01
1.1680e+01, 8.3394e+01
1.1777e+01, 7.4892e+01
1.1875e+01, 6.7673e+01
1.2031e+01, 5.8094e+01
1.2188e+01, 5.0346e+01
1.2344e+01, 4.4042e+01
1.2500e+01, 3.8844e+01
1.2637e+01, 3.5010e+01
1.2773e+01, 3.1712e+01
1.2910e+01, 2.8855e+01
1.3047e+01, 2.6364e+01
1.3184e+01, 2.4179e+01
1.3320e+01, 2.2251e+01
1.3594e+01, 1.9022e+01
1.3867e+01, 1.6484e+01
1.4141e+01, 1.4372e+01
1.4414e+01, 1.2637e+01
1.4688e+01, 1.1196e+01
1.5000e+01, 9.8281e+00
1.5312e+01, 8.6917e+00
1.5625e+01, 7.7378e+00
1.5938e+01, 6.9295e+00
1.6250e+01, 6.2388e+00
1.6562e+01, 5.6441e+00
1.6875e+01, 5.1284e+00
1.7188e+01, 4.6784e+00
1.7500e+01, 4.2836e+00
1.7812e+01, 3.9353e+00
1.8125e+01, 3.6282e+00
1.8750e+01, 3.1088e+00
1.9375e+01, 2.6888e+00
2.0000e+01, 2.3457e+00
2.0469e+01, 2.1281e+00
2.0938e+01, 1.9387e+00
2.1406e+01, 1.7726e+00
2.1875e+01, 1.6268e+00
2.2812e+01, 1.3823e+00
2.3750e+01, 1.1866e+00
2.4688e+01, 1.0283e+00
2.5625e+01, 8.9850e-01
2.6562e+01, 7.9091e-01
2.7500e+01, 7.0082e-01
2.8438e+01, 6.2469e-01
2.9375e+01, 5.5985e-01
3.0312e+01, 5.0421e-01
3.1250e+01, 4.5615e-01
3.2188e+01, 4.1438e-01
3.3125e+01, 3.7787e-01
3.4062e+01, 3.4581e-01
3.5000e+01, 3.1757e-01
3.6875e+01, 2.7021e-01
3.8750e+01, 2.3233e-01
4.0625e+01, 2.0169e-01
4.2500e+01, 1.7655e-01
4.4375e+01, 1.5580e-01
4.6250e+01, 1.3849e-01
4.8125e+01, 1.2389e-01
5.0000e+01, 1.1151e-01
5.2852e+01, 9.6196e-02
5.5705e+01, 8.3958e-02
5.8557e+01, 7.4106e-02
6.1409e+01, 6.6226e-02
6.4261e+01, 6.0179e-02
6.7114e+01, 5.5647e-02
6.8540e+01, 5.3890e-02
6.9966e+01, 5.2680e-02
7.2818e+01, 5.1729e-02
7.3852e+01, 5.2141e-02
7.4886e+01, 5.3143e-02
7.5920e+01, 5.4922e-02
7.6954e+01, 5.7791e-02
7.7471e+01, 5.9601e-02
7.7988e+01, 6.2010e-02
7.8505e+01, 6.5035e-02
7.9022e+01, 6.8830e-02
7.9539e+01, 7.3626e-02
8.0056e+01, 7.9753e-02
8.0573e+01, 8.7669e-02
8.1090e+01, 9.7850e-02
8.1428e+01, 1.0648e-01
8.1767e+01, 1.1708e-01
8.2106e+01, 1.3029e-01
8.2444e+01, 1.4698e-01
8.2783e+01, 1.6849e-01
8.2952e+01, 1.8164e-01
8.3122e+01, 1.9679e-01
8.3291e+01, 2.1429e-01
8.3460e+01, 2.3472e-01
8.3630e+01, 2.5897e-01
8.3799e+01, 2.8801e-01
8.3960e+01, 3.2109e-01
8.4120e+01, 3.6110e-01
8.4280e+01, 4.1011e-01
8.4441e+01, 4.7105e-01
8.4601e+01, 5.4804e-01
8.4682e+01, 5.9437e-01
8.4762e+01, 6.4728e-01
8.4842e+01, 7.0815e-01
8.4922e+01, 7.7874e-01
8.5002e+01, 8.6131e-01
8.5083e+01, 9.5877e-01
8.5172e+01, 1.0893e+00
8.5261e+01, 1.2504e+00
8.5350e+01, 1.4528e+00
8.5395e+01, 1.5742e+00
8.5439e+01, 1.7125e+00
8.5484e+01, 1.8713e+00
8.5528e+01, 2.0551e+00
8.5573e+01, 2.2700e+00
8.5617e+01, 2.5245e+00
8.5662e+01, 2.8305e+00
8.5707e+01, 3.2058e+00
8.5751e+01, 3.6779e+00
8.5773e+01, 3.9629e+00
8.5796e+01, 4.2900e+00
8.5816e+01, 4.6286e+00
8.5836e+01, 5.0177e+00
8.5856e+01, 5.4684e+00
8.5876e+01, 5.9935e+00
8.5896e+01, 6.6097e+00
8.5916e+01, 7.3360e+00
8.5936e+01, 8.1967e+00
8.5956e+01, 9.2188e+00
8.5976e+01, 1.0436e+01
8.5996e+01, 1.1885e+01
8.6016e+01, 1.3611e+01
8.6036e+01, 1.5660e+01
8.6056e+01, 1.8088e+01
8.6077e+01, 2.0950e+01
8.6097e+01, 2.4307e+01
8.6117e+01, 2.8219e+01
8.6141e+01, 3.3843e+01
8.6166e+01, 4.0481e+01
8.6190e+01, 4.8214e+01
8.6215e+01, 5.7088e+01
8.6239e+01, 6.7111e+01
8.6264e+01, 7.8234e+01
8.6288e+01, 9.0349e+01
8.6313e+01, 1.0328e+02
8.6342e+01, 1.1926e+02
8.6371e+01, 1.3551e+02
8.6429e+01, 1.6613e+02
8.6455e+01, 1.7816e+02
8.6480e+01, 1.8736e+02
8.6504e+01, 1.9443e+02
8.6526e+01, 1.9863e+02
8.6547e+01, 2.0084e+02
8.6560e+01, 2.0118e+02
8.6586e+01, 1.9965e+02
8.6621e+01, 1.9273e+02
8.6657e+01, 1.8085e+02
8.6706e+01, 1.5837e+02
8.6755e+01, 1.3182e+02
8.6814e+01, 9.9315e+01
8.6843e+01, 8.4197e+01
8.6873e+01, 7.0387e+01
8.6909e+01, 5.5604e+01
8.6927e+01, 4.9131e+01
8.6945e+01, 4.3273e+01
8.6963e+01, 3.8012e+01
8.6981e+01, 3.3325e+01
8.6999e+01, 2.9177e+01
8.7017e+01, 2.5532e+01
8.7035e+01, 2.2345e+01
8.7053e+01, 1.9575e+01
8.7071e+01, 1.7177e+01
8.7089e+01, 1.5112e+01
8.7107e+01, 1.3337e+01
8.7124e+01, 1.1815e+01
8.7142e+01, 1.0512e+01
8.7160e+01, 9.3985e+00
8.7178e+01, 8.4849e+00
8.7195e+01, 7.6972e+00
8.7212e+01, 7.0164e+00
8.7229e+01, 6.4264e+00
8.7246e+01, 5.9134e+00
8.7263e+01, 5.4656e+00
8.7298e+01, 4.7269e+00
8.7332e+01, 4.1475e+00
8.7366e+01, 3.6838e+00
8.7401e+01, 3.3048e+00
8.7435e+01, 2.9893e+00
8.7469e+01, 2.7222e+00
8.7504e+01, 2.4933e+00
8.7538e+01, 2.2947e+00
8.7572e+01, 2.1208e+00
8.7641e+01, 1.8309e+00
8.7710e+01, 1.5998e+00
8.7772e+01, 1.4281e+00
8.7834e+01, 1.2839e+00
8.7896e+01, 1.1614e+00
8.7958e+01, 1.0564e+00
8.8020e+01, 9.6550e-01
8.8082e+01, 8.8628e-01
8.8206e+01, 7.5539e-01
8.8331e+01, 6.5240e-01
8.8455e+01, 5.6988e-01
8.8579e+01, 5.0272e-01
8.8703e+01, 4.4732e-01
8.8821e+01, 4.0332e-01
8.8939e+01, 3.6592e-01
8.9056e+01, 3.3387e-01
8.9174e+01, 3.0618e-01
8.9292e+01, 2.8204e-01
8.9409e+01, 2.6083e-01
8.9645e+01, 2.2545e-01
8.9880e+01, 1.9740e-01
9.0115e+01, 1.7480e-01
9.0351e+01, 1.5632e-01
9.0586e+01, 1.4101e-01
9.0861e+01, 1.2624e-01
9.1135e+01, 1.1413e-01
9.1410e+01, 1.0407e-01
9.1684e+01, 9.5475e-02
9.1959e+01, 8.8126e-02
9.2234e+01, 8.1811e-02
9.2783e+01, 7.1573e-02
9.3332e+01, 6.3690e-02
9.3881e+01, 5.7485e-02
9.4430e+01, 5.2625e-02
9.4979e+01, 4.8482e-02
9.5607e+01, 4.4665e-02
9.6234e+01, 4.1516e-02
9.6862e+01, 3.8865e-02
9.7490e+01, 3.6634e-02
9.8745e+01, 3.3103e-02
1.0000e+02, 3.0408e-02
1.0156e+02, 2.7848e-02
1.0312e+02, 2.5865e-02
1.0469e+02, 2.4287e-02
1.0625e+02, 2.3000e-02
1.0938e+02, 2.1012e-02
1.1250e+02, 1.9538e-02
1.1562e+02, 1.8406e-02
1.1875e+02, 1.7518e-02
1.2500e+02, 1.6244e-02
1.2969e+02, 1.5642e-02
1.3438e+02, 1.5227e-02
1.3906e+02, 1.4977e-02
1.4375e+02, 1.4882e-02
1.5000e+02, 1.5029e-02
1.5625e+02, 1.5458e-02
1.6250e+02, 1.6194e-02
1.6875e+02, 1.7284e-02
1.7500e+02, 1.8811e-02
1.8125e+02, 2.0899e-02
1.8438e+02, 2.2210e-02
1.8750e+02, 2.3748e-02
1.9062e+02, 2.5553e-02
1.9375e+02, 2.7681e-02
1.9688e+02, 3.0205e-02
2.0000e+02, 3.3221e-02
2.0301e+02, 3.6716e-02
2.0603e+02, 4.0951e-02
2.0904e+02, 4.6139e-02
2.1205e+02, 5.2576e-02
2.1356e+02, 5.6247e-02
2.1506e+02, 6.0501e-02
2.1657e+02, 6.5312e-02
2.1808e+02, 7.0782e-02
2.1958e+02, 7.7039e-02
2.2109e+02, 8.4240e-02
2.2259e+02, 9.2590e-02
2.2410e+02, 1.0235e-01
2.2611e+02, 1.1822e-01
2.2711e+02, 1.2755e-01
2.2812e+02, 1.3833e-01
2.2912e+02, 1.5026e-01
2.3013e+02, 1.6412e-01
2.3113e+02, 1.8016e-01
2.3213e+02, 1.9808e-01
2.3324e+02, 2.2168e-01
2.3434e+02, 2.5008e-01
2.3545e+02, 2.8450e-01
2.3655e+02, 3.2677e-01
2.3766e+02, 3.7943e-01
2.3876e+02, 4.4632e-01
2.3931e+02, 4.8668e-01
2.3987e+02, 5.3297e-01
2.4042e+02, 5.8627e-01
2.4097e+02, 6.4801e-01
2.4150e+02, 7.1652e-01
2.4203e+02, 7.9552e-01
2.4255e+02, 8.8980e-01
2.4308e+02, 1.0025e+00
2.4361e+02, 1.1383e+00
2.4413e+02, 1.3039e+00
2.4440e+02, 1.4005e+00
2.4466e+02, 1.5080e+00
2.4493e+02, 1.6286e+00
2.4506e+02, 1.6946e+00
2.4519e+02, 1.7648e+00
2.4530e+02, 1.8267e+00
2.4541e+02, 1.8920e+00
2.4552e+02, 1.9609e+00
2.4563e+02, 2.0336e+00
2.4574e+02, 2.1106e+00
2.4585e+02, 2.1921e+00
2.4596e+02, 2.2784e+00
2.4607e+02, 2.3699e+00
2.4612e+02, 2.4136e+00
2.4620e+02, 2.4903e+00
2.4629e+02, 2.5707e+00
2.4637e+02, 2.6550e+00
2.4646e+02, 2.7436e+00
2.4654e+02, 2.8369e+00
2.4663e+02, 2.9349e+00
2.4671e+02, 3.0381e+00
2.4680e+02, 3.1469e+00
2.4685e+02, 3.2228e+00
2.4691e+02, 3.3015e+00
2.4697e+02, 3.3832e+00
2.4702e+02, 3.4679e+00
2.4708e+02, 3.5559e+00
2.4713e+02, 3.6474e+00
2.4719e+02, 3.7424e+00
2.4725e+02, 3.8410e+00
2.4736e+02, 4.0509e+00
2.4747e+02, 4.2786e+00
2.4759e+02, 4.5263e+00
2.4770e+02, 4.7961e+00
2.4777e+02, 4.9734e+00
2.4784e+02, 5.1605e+00
2.4791e+02, 5.3589e+00
2.4798e+02, 5.5687e+00
2.4804e+02, 5.7915e+00
2.4811e+02, 6.0278e+00
2.4818e+02, 6.2791e+00
2.4825e+02, 6.5465e+00
2.4832e+02, 6.8321e+00
2.4839e+02, 7.1367e+00
2.4846e+02, 7.4628e+00
2.4853e+02, 7.8115e+00
2.4860e+02, 8.1863e+00
2.4867e+02, 8.5885e+00
2.4874e+02, 9.0215e+00
2.4880e+02, 9.4888e+00
2.4887e+02, 9.9947e+00
2.4894e+02, 1.0542e+01
2.4901e+02, 1.1138e+01
2.4908e+02, 1.1785e+01
2.4915e+02, 1.2493e+01
2.4922e+02, 1.3267e+01
2.4929e+02, 1.4117e+01
2.4936e+02, 1.5054e+01
2.4943e+02, 1.6091e+01
2.4949e+02, 1.7241e+01
2.4956e+02, 1.8525e+01
2.4963e+02, 1.9960e+01
2.4970e+02, 2.1579e+01
2.4977e+02, 2.3409e+01
2.4984e+02, 2.5494e+01
2.4991e+02, 2.7887e+01
2.4999e+02, 3.1211e+01
2.5007e+02, 3.5218e+01
2.5011e+02, 3.7543e+01
2.5015e+02, 4.0127e+01
2.5019e+02, 4.3012e+01
2.5024e+02, 4.6251e+01
2.5028e+02, 4.9906e+01
2.5032e+02, 5.4052e+01
2.5036e+02, 5.8780e+01
2.5040e+02, 6.4199e+01
2.5044e+02, 7.0442e+01
2.5048e+02, 7.7662e+01
2.5052e+02, 8.6044e+01
2.5056e+02, 9.5775e+01
2.5059e+02, 1.0437e+02
2.5062e+02, 1.1404e+02
2.5066e+02, 1.2492e+02
2.5069e+02, 1.3716e+02
2.5072e+02, 1.5091e+02
2.5075e+02, 1.6630e+02
2.5078e+02, 1.8351e+02
2.5081e+02, 2.0261e+02
2.5084e+02, 2.2386e+02
2.5088e+02, 2.4733e+02
2.5091e+02, 2.7313e+02
2.5094e+02, 3.0121e+02
2.5100e+02, 3.6481e+02
2.5106e+02, 4.3758e+02
2.5113e+02, 5.2686e+02
2.5120e+02, 6.2224e+02
2.5134e+02, 8.1031e+02
2.5140e+02, 8.8558e+02
2.5147e+02, 9.4425e+02
2.5153e+02, 9.8149e+02
2.5160e+02, 9.9409e+02
2.5168e+02, 9.7519e+02
2.5176e+02, 9.2158e+02
2.5184e+02, 8.3971e+02
2.5191e+02, 7.3915e+02
2.5209e+02, 4.9543e+02
2.5218e+02, 3.8702e+02
2.5222e+02, 3.3928e+02
2.5227e+02, 2.9624e+02
2.5230e+02, 2.6289e+02
2.5234e+02, 2.3301e+02
2.5238e+02, 2.0645e+02
2.5242e+02, 1.8301e+02
2.5246e+02, 1.6243e+02
2.5250e+02, 1.4446e+02
2.5253e+02, 1.2882e+02
2.5257e+02, 1.1524e+02
2.5261e+02, 1.0348e+02
2.5265e+02, 9.3281e+01
2.5269e+02, 8.4442e+01
2.5272e+02, 7.6767e+01
2.5276e+02, 7.0088e+01
2.5280e+02, 6.4256e+01
2.5284e+02, 5.9147e+01
2.5288e+02, 5.4651e+01
2.5294e+02, 4.7857e+01
2.5301e+02, 4.2331e+01
2.5308e+02, 3.7770e+01
2.5315e+02, 3.3955e+01
2.5322e+02, 3.0724e+01
2.5329e+02, 2.7958e+01
2.5335e+02, 2.5566e+01
2.5342e+02, 2.3482e+01
2.5356e+02, 2.0034e+01
2.5369e+02, 1.7311e+01
2.5383e+02, 1.5119e+01
2.5397e+02, 1.3326e+01
2.5409e+02, 1.1999e+01
2.5421e+02, 1.0864e+01
2.5433e+02, 9.8843e+00
2.5445e+02, 9.0340e+00
2.5457e+02, 8.2899e+00
2.5469e+02, 7.6361e+00
2.5493e+02, 6.5436e+00
2.5517e+02, 5.6710e+00
2.5541e+02, 4.9619e+00
2.5565e+02, 4.3772e+00
2.5589e+02, 3.8903e+00
2.5612e+02, 3.5056e+00
2.5634e+02, 3.1755e+00
2.5657e+02, 2.8900e+00
2.5679e+02, 2.6415e+00
2.5702e+02, 2.4236e+00
2.5724e+02, 2.2318e+00
2.5769e+02, 1.9113e+00
2.5814e+02, 1.6565e+00
2.5859e+02, 1.4489e+00
2.5881e+02, 1.3613e+00
2.5893e+02, 1.3257e+00
2.5904e+02, 1.3049e+00
2.5915e+02, 1.3187e+00
2.5921e+02, 1.3500e+00
2.5926e+02, 1.4070e+00
2.5932e+02, 1.4997e+00
2.5937e+02, 1.6394e+00
2.5943e+02, 1.8401e+00
2.5946e+02, 1.9678e+00
2.5949e+02, 2.1156e+00
2.5952e+02, 2.3126e+00
2.5955e+02, 2.5414e+00
2.5958e+02, 2.8044e+00
2.5961e+02, 3.1033e+00
2.5965e+02, 3.4398e+00
2.5968e+02, 3.8145e+00
2.5974e+02, 4.6772e+00
2.5981e+02, 5.6865e+00
2.5987e+02, 6.8203e+00
2.6000e+02, 9.3175e+00
2.6000e+02, 1.7571e+01
3.0000e+02, 1.6053e+01
3.5000e+02, 1.4541e+01
4.0000e+02, 1.3336e+01
4.5000e+02, 1.2351e+01
5.0000e+02, 1.1532e+01
6.0000e+02, 1.0229e+01
7.2000e+02, 9.0677e+00
8.0000e+02, 8.4539e+00
9.0000e+02, 7.8149e+00
1.0000e+03, 7.2844e+00
1.1250e+03, 6.7328e+00
1.2500e+03, 6.2749e+00
1.5000e+03, 5.5528e+00
1.7000e+03, 5.1074e+00
2.0000e+03, 4.5830e+00
2.2500e+03, 4.2408e+00
2.5000e+03, 3.9564e+00
3.0000e+03, 3.5141e+00
3.5000e+03, 3.1850e+00
4.0000e+03, 2.9295e+00
4.5000e+03, 2.7275e+00
5.0000e+03, 2.5586e+00
6.0000e+03, 2.3026e+00
7.0000e+03, 2.1146e+00
8.0000e+03, 1.9710e+00
1.0000e+04, 1.7664e+00
1.2500e+04, 1.5999e+00
1.5000e+04, 1.4883e+00
1.7000e+04, 1.4225e+00
2.0000e+04, 1.3485e+00
2.5000e+04, 1.2644e+00
3.0000e+04, 1.2089e+00
3.5000e+04, 1.1706e+00
4.0000e+04, 1.1421e+00
5.0000e+04, 1.1062e+00
6.0000e+04, 1.0874e+00
7.0000e+04, 1.0800e+00
8.0000e+04, 1.0802e+00
1.0000e+05, 1.0971e+00
1.0000e+05, 3.6383e-01
2.0000e+05, 3.0203e-01
3.5702e+05, 2.5578e-01
4.0000e+05, 2.4312e-01
4.0000e+05, 2.4312e-01
6.0000e+05, 2.0854e-01
6.8597e+05, 2.1287e-01
8.0000e+05, 2.1861e-01
8.5350e+05, 2.1352e-01
8.8619e+05, 2.1041e-01
1.0000e+06, 1.9958e-01
1.2000e+06, 2.0457e-01
1.2582e+06, 2.0394e-01
1.2793e+06, 2.0371e-01
1.4000e+06, 2.0240e-01
1.4498e+06, 2.0387e-01
1.5614e+06, 2.0718e-01
1.6000e+06, 2.0832e-01
1.6420e+06, 2.0862e-01
1.7038e+06, 2.0907e-01
1.8000e+06, 2.0977e-01
1.8523e+06, 2.1223e-01
1.9947e+06, 2.1894e-01
2.0000e+06, 2.1919e-01
2.1616e+06, 2.2814e-01
2.2000e+06, 2.3026e-01
2.2234e+06, 2.3149e-01
2.2447e+06, 2.3261e-01
2.3506e+06, 2.3818e-01
2.3930e+06, 2.4041e-01
2.4000e+06, 2.4078e-01
2.4004e+06, 2.4080e-01
2.4015e+06, 2.4087e-01
2.5401e+06, 2.4931e-01
2.5566e+06, 2.5032e-01
2.6000e+06, 2.5296e-01
2.8000e+06, 2.6170e-01
3.0000e+06, 2.6681e-01
3.2000e+06, 2.6697e-01
3.4000e+06, 2.6319e-01
3.6000e+06, 2.5484e-01
3.8000e+06, 2.4219e-01
4.0000e+06, 2.2728e-01
4.2000e+06, 2.1007e-01
4.4000e+06, 1.9200e-01
4.6000e+06, 1.7401e-01
4.8000e+06, 1.5610e-01
5.0000e+06, 1.3946e-01
5.2000e+06, 1.2357e-01
5.4000e+06, 1.0930e-01
5.6000e+06, 9.5955e-02
5.8000e+06, 8.4393e-02
6.0000e+06, 7.3648e-02
6.2000e+06, 6.4649e-02
6.4000e+06, 5.6381e-02
6.6000e+06, 4.9467e-02
6.8000e+06, 4.3463e-02
7.0000e+06, 3.8212e-02
7.0628e+06, 3.6858e-02
7.2000e+06, 3.3898e-02
7.4000e+06, 2.9944e-02
7.6000e+06, 2.6633e-02
7.8000e+06, 2.3840e-02
8.0000e+06, 2.1281e-02
8.2000e+06, 1.9143e-02
8.4000e+06, 1.7279e-02
8.6000e+06, 1.5603e-02
8.8000e+06, 1.4141e-02
9.0000e+06, 1.2889e-02
9.2000e+06, 1.1776e-02
9.4000e+06, 1.0732e-02
9.6000e+06, 9.8692e-03
9.8000e+06, 9.0917e-03
1.0000e+07, 8.3680e-03
1.0200e+07, 7.7473e-03
1.0400e+07, 7.1749e-03
1.0568e+07, 6.7527e-03
1.0600e+07, 6.6729e-03
1.0800e+07, 6.2288e-03
1.1000e+07, 5.8024e-03
1.1200e+07, 5.4421e-03
1.1400e+07, 5.0961e-03
1.1600e+07, 4.8009e-03
1.1800e+07, 4.5363e-03
1.2000e+07, 4.2707e-03
1.2200e+07, 4.0479e-03
1.2400e+07, 3.8383e-03
1.2600e+07, 3.6519e-03
1.2800e+07, 3.4900e-03
1.3000e+07, 3.3127e-03
1.3200e+07, 3.1629e-03
1.3400e+07, 3.0340e-03
1.3600e+07, 2.9193e-03
1.3800e+07, 2.7914e-03
1.4000e+07, 2.6750e-03
1.4200e+07, 2.5712e-03
1.4400e+07, 2.4806e-03
1.4600e+07, 2.3964e-03
1.4800e+07, 2.3008e-03
1.5000e+07, 2.2157e-03
1.5200e+07, 2.1386e-03
1.5400e+07, 2.0659e-03
1.5600e+07, 1.9973e-03
1.5800e+07, 1.9190e-03
1.6000e+07, 1.8489e-03
1.6200e+07, 1.7886e-03
1.6400e+07, 1.7333e-03
1.6600e+07, 1.6797e-03
1.6800e+07, 1.6131e-03
1.7000e+07, 1.5528e-03
1.7200e+07, 1.4991e-03
1.7400e+07, 1.4523e-03
1.7600e+07, 1.4095e-03
1.7800e+07, 1.3575e-03
1.8000e+07, 1.3087e-03
1.8200e+07, 1.2625e-03
1.8400e+07, 1.2218e-03
1.8598e+07, 1.1843e-03
1.8600e+07, 1.1839e-03
1.8800e+07, 1.1362e-03
1.9000e+07, 1.0937e-03
1.9200e+07, 1.0574e-03
1.9400e+07, 1.0240e-03
1.9600e+07, 9.9485e-04
1.9800e+07, 9.5415e-04
2.0000e+07, 9.1812e-04
