ebin, xs
1.0000e-05, 5.0180e-01
1.0625e-05, 4.8682e-01
1.1250e-05, 4.7310e-01
1.1875e-05, 4.6048e-01
1.2500e-05, 4.4882e-01
1.3750e-05, 4.2794e-01
1.5000e-05, 4.0972e-01
1.6250e-05, 3.9365e-01
1.7500e-05, 3.7933e-01
1.8750e-05, 3.6646e-01
2.0000e-05, 3.5483e-01
2.1875e-05, 3.3928e-01
2.3750e-05, 3.2561e-01
2.5625e-05, 3.1347e-01
2.7500e-05, 3.0260e-01
2.9375e-05, 2.9278e-01
3.1250e-05, 2.8386e-01
3.3125e-05, 2.7571e-01
3.5000e-05, 2.6822e-01
3.8750e-05, 2.5492e-01
4.2500e-05, 2.4341e-01
4.6250e-05, 2.3333e-01
5.0000e-05, 2.2441e-01
5.3125e-05, 2.1771e-01
5.6250e-05, 2.1158e-01
5.9375e-05, 2.0593e-01
6.2500e-05, 2.0072e-01
6.8750e-05, 1.9138e-01
7.5000e-05, 1.8323e-01
8.1250e-05, 1.7604e-01
8.7500e-05, 1.6964e-01
9.3750e-05, 1.6389e-01
1.0000e-04, 1.5868e-01
1.0625e-04, 1.5395e-01
1.1250e-04, 1.4961e-01
1.1875e-04, 1.4562e-01
1.2500e-04, 1.4193e-01
1.3750e-04, 1.3533e-01
1.5000e-04, 1.2956e-01
1.6250e-04, 1.2448e-01
1.7500e-04, 1.1995e-01
1.8750e-04, 1.1589e-01
2.0000e-04, 1.1221e-01
2.1875e-04, 1.0729e-01
2.3750e-04, 1.0297e-01
2.5625e-04, 9.9129e-02
2.7500e-04, 9.5690e-02
2.9375e-04, 9.2585e-02
3.1250e-04, 8.9765e-02
3.3125e-04, 8.7187e-02
3.5000e-04, 8.4820e-02
3.8750e-04, 8.0611e-02
4.2500e-04, 7.6973e-02
4.6250e-04, 7.3786e-02
5.0000e-04, 7.0965e-02
5.3125e-04, 6.8846e-02
5.6250e-04, 6.6907e-02
5.9375e-04, 6.5122e-02
6.2500e-04, 6.3473e-02
6.8750e-04, 6.0519e-02
7.5000e-04, 5.7943e-02
8.1250e-04, 5.5670e-02
8.7500e-04, 5.3645e-02
9.3750e-04, 5.1826e-02
1.0000e-03, 5.0180e-02
1.0625e-03, 4.8682e-02
1.1250e-03, 4.7310e-02
1.1875e-03, 4.6048e-02
1.2500e-03, 4.4882e-02
1.3750e-03, 4.2794e-02
1.5000e-03, 4.0972e-02
1.6250e-03, 3.9365e-02
1.7500e-03, 3.7933e-02
1.8750e-03, 3.6647e-02
2.0000e-03, 3.5483e-02
2.1875e-03, 3.3928e-02
2.3750e-03, 3.2561e-02
2.5625e-03, 3.1348e-02
2.7500e-03, 3.0260e-02
2.9375e-03, 2.9278e-02
3.1250e-03, 2.8387e-02
3.3125e-03, 2.7572e-02
3.5000e-03, 2.6823e-02
3.8750e-03, 2.5492e-02
4.2500e-03, 2.4341e-02
4.6250e-03, 2.3334e-02
5.0000e-03, 2.2441e-02
5.3125e-03, 2.1771e-02
5.6250e-03, 2.1158e-02
5.9375e-03, 2.0594e-02
6.2500e-03, 2.0072e-02
6.8750e-03, 1.9138e-02
7.5000e-03, 1.8323e-02
8.1250e-03, 1.7604e-02
8.7500e-03, 1.6963e-02
9.3750e-03, 1.6388e-02
1.0000e-02, 1.5868e-02
1.0625e-02, 1.5394e-02
1.1250e-02, 1.4960e-02
1.1875e-02, 1.4562e-02
1.2500e-02, 1.4193e-02
1.3750e-02, 1.3533e-02
1.5000e-02, 1.2957e-02
1.6250e-02, 1.2448e-02
1.7500e-02, 1.1995e-02
1.8750e-02, 1.1588e-02
2.0000e-02, 1.1220e-02
2.1325e-02, 1.0865e-02
2.2650e-02, 1.0543e-02
2.3975e-02, 1.0248e-02
2.5300e-02, 9.9759e-03
2.6844e-02, 9.6853e-03
2.8387e-02, 9.4187e-03
3.1475e-02, 8.9455e-03
3.4563e-02, 8.5365e-03
3.7650e-02, 8.1786e-03
4.0738e-02, 7.8622e-03
4.3825e-02, 7.5798e-03
4.6913e-02, 7.3258e-03
5.0000e-02, 7.0959e-03
5.3125e-02, 6.8839e-03
5.6250e-02, 6.6901e-03
5.9375e-02, 6.5120e-03
6.2500e-02, 6.3475e-03
6.8750e-02, 6.0526e-03
7.5000e-02, 5.7948e-03
8.1250e-02, 5.5672e-03
8.7500e-02, 5.3644e-03
9.3750e-02, 5.1823e-03
1.0000e-01, 5.0176e-03
1.0625e-01, 4.8677e-03
1.1250e-01, 4.7305e-03
1.1875e-01, 4.6046e-03
1.2500e-01, 4.4884e-03
1.3750e-01, 4.2801e-03
1.5000e-01, 4.0977e-03
1.6250e-01, 3.9367e-03
1.7500e-01, 3.7933e-03
1.8750e-01, 3.6646e-03
2.0000e-01, 3.5486e-03
2.1875e-01, 3.3933e-03
2.3750e-01, 3.2564e-03
2.5625e-01, 3.1349e-03
2.7500e-01, 3.0260e-03
2.9375e-01, 2.9278e-03
3.1250e-01, 2.8393e-03
3.5000e-01, 2.6834e-03
3.8750e-01, 2.5500e-03
4.2500e-01, 2.4347e-03
5.0000e-01, 2.2449e-03
6.2500e-01, 2.0080e-03
7.5000e-01, 1.8328e-03
8.7500e-01, 1.6971e-03
1.0000e+00, 1.5878e-03
1.2500e+00, 1.4200e-03
1.5000e+00, 1.2962e-03
1.7500e+00, 1.2002e-03
2.0000e+00, 1.1228e-03
2.3750e+00, 1.0305e-03
2.7500e+00, 9.5781e-04
3.1250e+00, 8.9852e-04
3.5000e+00, 8.4905e-04
4.2500e+00, 7.7060e-04
5.0000e+00, 7.1062e-04
6.2500e+00, 6.3582e-04
7.5000e+00, 5.8060e-04
8.7500e+00, 5.3774e-04
1.0000e+01, 5.0322e-04
1.2500e+01, 4.5038e-04
1.5000e+01, 4.1142e-04
1.7500e+01, 3.8119e-04
2.0000e+01, 3.5684e-04
2.3750e+01, 3.2781e-04
2.7500e+01, 3.0498e-04
3.5000e+01, 2.7092e-04
4.2500e+01, 2.4639e-04
5.0000e+01, 2.2766e-04
6.2500e+01, 2.0438e-04
7.5000e+01, 1.8726e-04
8.7500e+01, 1.7402e-04
1.0000e+02, 1.6339e-04
1.2500e+02, 1.4724e-04
1.5000e+02, 1.3543e-04
1.7500e+02, 1.2634e-04
2.0000e+02, 1.1909e-04
2.7500e+02, 1.0396e-04
3.5000e+02, 9.4381e-05
4.2500e+02, 8.7772e-05
5.0000e+02, 8.2979e-05
6.2500e+02, 7.7503e-05
7.5000e+02, 7.4032e-05
8.7500e+02, 7.1882e-05
1.0000e+03, 7.0696e-05
1.1250e+03, 7.0280e-05
1.2500e+03, 7.0527e-05
1.5000e+03, 7.2869e-05
1.7500e+03, 7.7826e-05
2.0000e+03, 8.6137e-05
2.2453e+03, 9.9242e-05
2.4906e+03, 1.2056e-04
2.7359e+03, 1.5688e-04
2.8585e+03, 1.8581e-04
2.9812e+03, 2.2738e-04
3.0894e+03, 2.8193e-04
3.1976e+03, 3.6525e-04
3.3059e+03, 4.9947e-04
3.3600e+03, 6.0162e-04
3.4141e+03, 7.4287e-04
3.4646e+03, 9.3299e-04
3.5151e+03, 1.2078e-03
3.5656e+03, 1.6432e-03
3.5908e+03, 1.9583e-03
3.6161e+03, 2.3766e-03
3.6431e+03, 3.0056e-03
3.6702e+03, 3.9359e-03
3.6837e+03, 4.5635e-03
3.6973e+03, 5.3708e-03
3.7108e+03, 6.4182e-03
3.7243e+03, 7.8131e-03
3.7392e+03, 9.9610e-03
3.7466e+03, 1.1390e-02
3.7541e+03, 1.3156e-02
3.7615e+03, 1.5373e-02
3.7690e+03, 1.8168e-02
3.7764e+03, 2.1855e-02
3.7801e+03, 2.4139e-02
3.7820e+03, 2.5408e-02
3.7838e+03, 2.6782e-02
3.7854e+03, 2.7999e-02
3.7869e+03, 2.9304e-02
3.7884e+03, 3.0702e-02
3.7899e+03, 3.2203e-02
3.7914e+03, 3.3817e-02
3.7930e+03, 3.5552e-02
3.7937e+03, 3.6470e-02
3.7945e+03, 3.7425e-02
3.7952e+03, 3.8419e-02
3.7960e+03, 3.9453e-02
3.7967e+03, 4.0491e-02
3.7975e+03, 4.1571e-02
3.7982e+03, 4.2696e-02
3.7989e+03, 4.3865e-02
3.7997e+03, 4.5085e-02
3.8004e+03, 4.6356e-02
3.8011e+03, 4.7682e-02
3.8019e+03, 4.9064e-02
3.8031e+03, 5.1546e-02
3.8037e+03, 5.2858e-02
3.8043e+03, 5.4222e-02
3.8050e+03, 5.5638e-02
3.8056e+03, 5.7112e-02
3.8062e+03, 5.8644e-02
3.8068e+03, 6.0240e-02
3.8074e+03, 6.1901e-02
3.8081e+03, 6.3633e-02
3.8087e+03, 6.5438e-02
3.8093e+03, 6.7321e-02
3.8099e+03, 6.9287e-02
3.8106e+03, 7.1340e-02
3.8118e+03, 7.5730e-02
3.8130e+03, 8.0539e-02
3.8143e+03, 8.5820e-02
3.8155e+03, 9.1639e-02
3.8168e+03, 9.8069e-02
3.8180e+03, 1.0520e-01
3.8192e+03, 1.1313e-01
3.8205e+03, 1.2200e-01
3.8217e+03, 1.3195e-01
3.8229e+03, 1.4315e-01
3.8242e+03, 1.5585e-01
3.8254e+03, 1.7029e-01
3.8267e+03, 1.8682e-01
3.8279e+03, 2.0586e-01
3.8292e+03, 2.2794e-01
3.8304e+03, 2.5371e-01
3.8316e+03, 2.8405e-01
3.8322e+03, 3.0127e-01
3.8329e+03, 3.2007e-01
3.8335e+03, 3.4065e-01
3.8341e+03, 3.6324e-01
3.8347e+03, 3.8809e-01
3.8353e+03, 4.1552e-01
3.8360e+03, 4.4588e-01
3.8366e+03, 4.7957e-01
3.8372e+03, 5.1710e-01
3.8378e+03, 5.5902e-01
3.8384e+03, 6.0601e-01
3.8391e+03, 6.5884e-01
3.8397e+03, 7.1845e-01
3.8403e+03, 7.8592e-01
3.8409e+03, 8.6257e-01
3.8416e+03, 9.4999e-01
3.8422e+03, 1.0500e+00
3.8428e+03, 1.1649e+00
3.8434e+03, 1.2970e+00
3.8440e+03, 1.4490e+00
3.8447e+03, 1.6238e+00
3.8453e+03, 1.8241e+00
3.8459e+03, 2.0520e+00
3.8465e+03, 2.3087e+00
3.8472e+03, 2.6251e+00
3.8479e+03, 2.9687e+00
3.8493e+03, 3.6804e+00
3.8499e+03, 4.0024e+00
3.8506e+03, 4.2620e+00
3.8513e+03, 4.4311e+00
3.8520e+03, 4.4893e+00
3.8526e+03, 4.4383e+00
3.8531e+03, 4.3406e+00
3.8536e+03, 4.1979e+00
3.8545e+03, 3.8093e+00
3.8554e+03, 3.3425e+00
3.8563e+03, 2.8644e+00
3.8572e+03, 2.4198e+00
3.8581e+03, 2.0326e+00
3.8591e+03, 1.7078e+00
3.8600e+03, 1.4411e+00
3.8605e+03, 1.3052e+00
3.8611e+03, 1.1854e+00
3.8616e+03, 1.0797e+00
3.8622e+03, 9.8621e-01
3.8627e+03, 9.0348e-01
3.8633e+03, 8.3009e-01
3.8644e+03, 7.0654e-01
3.8655e+03, 6.0749e-01
3.8666e+03, 5.2704e-01
3.8677e+03, 4.6101e-01
3.8688e+03, 4.0631e-01
3.8697e+03, 3.6908e-01
3.8706e+03, 3.3668e-01
3.8715e+03, 3.0827e-01
3.8724e+03, 2.8328e-01
3.8741e+03, 2.4150e-01
3.8759e+03, 2.0826e-01
3.8777e+03, 1.8139e-01
3.8794e+03, 1.5944e-01
3.8812e+03, 1.4131e-01
3.8830e+03, 1.2608e-01
3.8846e+03, 1.1411e-01
3.8862e+03, 1.0377e-01
3.8894e+03, 8.6904e-02
3.8927e+03, 7.3868e-02
3.8959e+03, 6.3593e-02
3.8991e+03, 5.5353e-02
3.9024e+03, 4.8653e-02
3.9056e+03, 4.3136e-02
3.9089e+03, 3.8581e-02
3.9153e+03, 3.1490e-02
3.9218e+03, 2.6303e-02
3.9283e+03, 2.2470e-02
3.9348e+03, 1.9625e-02
3.9412e+03, 1.7522e-02
3.9477e+03, 1.6044e-02
3.9542e+03, 1.5135e-02
3.9607e+03, 1.4822e-02
3.9683e+03, 1.5465e-02
3.9722e+03, 1.6336e-02
3.9760e+03, 1.7858e-02
3.9798e+03, 2.0326e-02
3.9836e+03, 2.4356e-02
3.9875e+03, 3.1226e-02
3.9894e+03, 3.6530e-02
3.9913e+03, 4.3893e-02
3.9926e+03, 5.0298e-02
3.9938e+03, 5.8511e-02
3.9951e+03, 6.9452e-02
3.9963e+03, 8.4501e-02
3.9976e+03, 1.0592e-01
3.9982e+03, 1.2018e-01
3.9988e+03, 1.3782e-01
3.9994e+03, 1.6017e-01
4.0001e+03, 1.8918e-01
4.0007e+03, 2.2848e-01
4.0013e+03, 2.8512e-01
4.0018e+03, 3.4715e-01
4.0020e+03, 3.8923e-01
4.0022e+03, 4.4252e-01
4.0025e+03, 5.1146e-01
4.0027e+03, 6.0230e-01
4.0029e+03, 7.2374e-01
4.0031e+03, 8.8756e-01
4.0034e+03, 1.1094e+00
4.0035e+03, 1.2481e+00
4.0036e+03, 1.4091e+00
4.0037e+03, 1.5958e+00
4.0038e+03, 1.8118e+00
4.0040e+03, 2.0608e+00
4.0041e+03, 2.3470e+00
4.0042e+03, 2.6748e+00
4.0043e+03, 3.0488e+00
4.0044e+03, 3.4735e+00
4.0045e+03, 3.9538e+00
4.0046e+03, 4.4941e+00
4.0048e+03, 5.0989e+00
4.0049e+03, 5.7724e+00
4.0050e+03, 6.5179e+00
4.0052e+03, 7.7973e+00
4.0053e+03, 9.2568e+00
4.0055e+03, 1.0897e+01
4.0057e+03, 1.2711e+01
4.0060e+03, 1.6794e+01
4.0064e+03, 2.1264e+01
4.0068e+03, 2.6459e+01
4.0072e+03, 3.0950e+01
4.0074e+03, 3.2707e+01
4.0076e+03, 3.4013e+01
4.0078e+03, 3.4771e+01
4.0080e+03, 3.5070e+01
4.0080e+03, 3.5074e+01
4.0081e+03, 3.5024e+01
4.0082e+03, 3.4879e+01
4.0083e+03, 3.4305e+01
4.0085e+03, 3.3280e+01
4.0087e+03, 3.1883e+01
4.0090e+03, 2.8500e+01
4.0094e+03, 2.4434e+01
4.0100e+03, 1.6269e+01
4.0103e+03, 1.2597e+01
4.0105e+03, 1.0952e+01
4.0106e+03, 9.4589e+00
4.0108e+03, 7.6868e+00
4.0111e+03, 6.1778e+00
4.0112e+03, 5.5183e+00
4.0113e+03, 4.9190e+00
4.0114e+03, 4.3770e+00
4.0115e+03, 3.8889e+00
4.0116e+03, 3.4514e+00
4.0117e+03, 3.0606e+00
4.0118e+03, 2.7132e+00
4.0119e+03, 2.4052e+00
4.0120e+03, 2.1333e+00
4.0121e+03, 1.8939e+00
4.0122e+03, 1.6837e+00
4.0123e+03, 1.5013e+00
4.0124e+03, 1.3403e+00
4.0125e+03, 1.1999e+00
4.0128e+03, 9.7122e-01
4.0130e+03, 7.9817e-01
4.0132e+03, 6.6763e-01
4.0134e+03, 5.6771e-01
4.0136e+03, 4.9091e-01
4.0138e+03, 4.3108e-01
4.0140e+03, 3.8390e-01
4.0143e+03, 3.3142e-01
4.0146e+03, 2.9134e-01
4.0152e+03, 2.3380e-01
4.0158e+03, 1.9379e-01
4.0164e+03, 1.6417e-01
4.0171e+03, 1.4128e-01
4.0177e+03, 1.2315e-01
4.0189e+03, 9.6406e-02
4.0201e+03, 7.7868e-02
4.0213e+03, 6.4515e-02
4.0225e+03, 5.4543e-02
4.0237e+03, 4.6846e-02
4.0254e+03, 3.8648e-02
4.0271e+03, 3.2559e-02
4.0305e+03, 2.4302e-02
4.0339e+03, 1.9082e-02
4.0373e+03, 1.5558e-02
4.0407e+03, 1.3089e-02
4.0441e+03, 1.1225e-02
4.0508e+03, 8.6767e-03
4.0581e+03, 6.9504e-03
4.0654e+03, 5.7865e-03
4.0799e+03, 4.3326e-03
4.0944e+03, 3.4459e-03
4.1089e+03, 2.8520e-03
4.1273e+03, 2.3300e-03
4.1458e+03, 1.9593e-03
4.1826e+03, 1.4614e-03
4.2194e+03, 1.1449e-03
4.2562e+03, 9.2619e-04
4.3336e+03, 6.4246e-04
4.4111e+03, 4.7521e-04
4.4886e+03, 3.7114e-04
4.5661e+03, 3.0022e-04
4.6746e+03, 2.3561e-04
4.7830e+03, 1.9306e-04
5.0000e+03, 1.4366e-04
5.3515e+03, 1.1128e-04
5.7029e+03, 1.0400e-04
6.1423e+03, 1.2358e-04
6.3620e+03, 1.5415e-04
6.5816e+03, 2.2134e-04
6.6871e+03, 2.8550e-04
6.7925e+03, 3.9878e-04
6.8540e+03, 5.1161e-04
6.9155e+03, 6.8795e-04
6.9770e+03, 1.0006e-03
7.0078e+03, 1.2519e-03
7.0386e+03, 1.6172e-03
7.0627e+03, 2.0410e-03
7.0869e+03, 2.6675e-03
7.1110e+03, 3.6456e-03
7.1352e+03, 5.2994e-03
7.1484e+03, 6.7241e-03
7.1616e+03, 8.8387e-03
7.1747e+03, 1.2149e-02
7.1813e+03, 1.4556e-02
7.1879e+03, 1.7761e-02
7.1951e+03, 2.2592e-02
7.2022e+03, 2.9658e-02
7.2058e+03, 3.4550e-02
7.2093e+03, 4.0764e-02
7.2129e+03, 4.8829e-02
7.2165e+03, 5.9559e-02
7.2203e+03, 7.5620e-02
7.2223e+03, 8.6166e-02
7.2242e+03, 9.9078e-02
7.2261e+03, 1.1520e-01
7.2280e+03, 1.3569e-01
7.2299e+03, 1.6224e-01
7.2319e+03, 1.9753e-01
7.2330e+03, 2.2320e-01
7.2341e+03, 2.5425e-01
7.2352e+03, 2.9236e-01
7.2363e+03, 3.3981e-01
7.2374e+03, 4.0017e-01
7.2385e+03, 4.7866e-01
7.2390e+03, 5.2719e-01
7.2396e+03, 5.8381e-01
7.2401e+03, 6.5049e-01
7.2406e+03, 7.2987e-01
7.2413e+03, 8.3897e-01
7.2419e+03, 9.7607e-01
7.2425e+03, 1.1519e+00
7.2428e+03, 1.2592e+00
7.2431e+03, 1.3826e+00
7.2434e+03, 1.5254e+00
7.2437e+03, 1.6915e+00
7.2440e+03, 1.8852e+00
7.2444e+03, 2.1120e+00
7.2447e+03, 2.3777e+00
7.2450e+03, 2.6890e+00
7.2453e+03, 3.0532e+00
7.2456e+03, 3.4761e+00
7.2460e+03, 4.0873e+00
7.2463e+03, 4.8089e+00
7.2467e+03, 5.6525e+00
7.2471e+03, 6.6156e+00
7.2475e+03, 7.6968e+00
7.2479e+03, 8.8732e+00
7.2486e+03, 1.1395e+01
7.2492e+03, 1.3338e+01
7.2498e+03, 1.4979e+01
7.2501e+03, 1.5610e+01
7.2504e+03, 1.6079e+01
7.2507e+03, 1.6368e+01
7.2510e+03, 1.6465e+01
7.2513e+03, 1.6369e+01
7.2516e+03, 1.6088e+01
7.2522e+03, 1.5021e+01
7.2528e+03, 1.3428e+01
7.2533e+03, 1.1532e+01
7.2540e+03, 9.2434e+00
7.2547e+03, 7.1373e+00
7.2550e+03, 6.2088e+00
7.2554e+03, 5.3776e+00
7.2557e+03, 4.6460e+00
7.2561e+03, 4.0112e+00
7.2563e+03, 3.5761e+00
7.2566e+03, 3.1928e+00
7.2569e+03, 2.8566e+00
7.2571e+03, 2.5627e+00
7.2574e+03, 2.3064e+00
7.2577e+03, 2.0829e+00
7.2579e+03, 1.8881e+00
7.2582e+03, 1.7181e+00
7.2585e+03, 1.5695e+00
7.2588e+03, 1.4392e+00
7.2593e+03, 1.2234e+00
7.2598e+03, 1.0538e+00
7.2604e+03, 9.1871e-01
7.2609e+03, 8.0880e-01
7.2614e+03, 7.1825e-01
7.2620e+03, 6.4264e-01
7.2625e+03, 5.7875e-01
7.2630e+03, 5.2419e-01
7.2636e+03, 4.7719e-01
7.2646e+03, 4.0068e-01
7.2657e+03, 3.4148e-01
7.2668e+03, 2.9469e-01
7.2679e+03, 2.5705e-01
7.2689e+03, 2.2633e-01
7.2700e+03, 2.0191e-01
7.2710e+03, 1.8131e-01
7.2730e+03, 1.4856e-01
7.2751e+03, 1.2395e-01
7.2771e+03, 1.0500e-01
7.2792e+03, 9.0109e-02
7.2812e+03, 7.8191e-02
7.2853e+03, 6.0516e-02
7.2890e+03, 4.9267e-02
7.2927e+03, 4.0931e-02
7.2964e+03, 3.4513e-02
7.3001e+03, 2.9496e-02
7.3075e+03, 2.2273e-02
7.3149e+03, 1.7423e-02
7.3219e+03, 1.4162e-02
7.3290e+03, 1.1765e-02
7.3430e+03, 8.4792e-03
7.3570e+03, 6.4070e-03
7.3710e+03, 5.0198e-03
7.3976e+03, 3.4054e-03
7.4241e+03, 2.4799e-03
7.4506e+03, 1.8922e-03
7.4771e+03, 1.5005e-03
7.4895e+03, 1.3601e-03
7.5269e+03, 1.0481e-03
7.5737e+03, 8.0235e-04
7.6205e+03, 6.4526e-04
7.7140e+03, 4.6796e-04
7.8076e+03, 3.7857e-04
7.9011e+03, 3.3548e-04
8.0009e+03, 3.2097e-04
8.2004e+03, 3.7094e-04
8.3002e+03, 4.4981e-04
8.4000e+03, 6.0058e-04
8.4561e+03, 7.4575e-04
8.5122e+03, 9.7248e-04
8.5684e+03, 1.3486e-03
8.6245e+03, 2.0349e-03
8.6510e+03, 2.5817e-03
8.6775e+03, 3.3998e-03
8.7040e+03, 4.6846e-03
8.7172e+03, 5.6353e-03
8.7305e+03, 6.9151e-03
8.7445e+03, 8.8221e-03
8.7586e+03, 1.1656e-02
8.7726e+03, 1.6120e-02
8.7796e+03, 1.9357e-02
8.7866e+03, 2.3732e-02
8.7944e+03, 3.0599e-02
8.7983e+03, 3.5214e-02
8.8022e+03, 4.0960e-02
8.8061e+03, 4.8245e-02
8.8100e+03, 5.7664e-02
8.8139e+03, 7.0078e-02
8.8178e+03, 8.6954e-02
8.8198e+03, 9.8446e-02
8.8219e+03, 1.1239e-01
8.8239e+03, 1.2954e-01
8.8260e+03, 1.5095e-01
8.8280e+03, 1.7817e-01
8.8301e+03, 2.1347e-01
8.8321e+03, 2.6034e-01
8.8331e+03, 2.8979e-01
8.8342e+03, 3.2457e-01
8.8352e+03, 3.6829e-01
8.8363e+03, 4.2161e-01
8.8374e+03, 4.8755e-01
8.8385e+03, 5.7031e-01
8.8395e+03, 6.7632e-01
8.8401e+03, 7.4077e-01
8.8406e+03, 8.1486e-01
8.8411e+03, 9.0054e-01
8.8417e+03, 1.0003e+00
8.8422e+03, 1.1170e+00
8.8427e+03, 1.2543e+00
8.8433e+03, 1.4335e+00
8.8439e+03, 1.6499e+00
8.8445e+03, 1.9117e+00
8.8451e+03, 2.2275e+00
8.8457e+03, 2.6071e+00
8.8463e+03, 3.0567e+00
8.8468e+03, 3.5818e+00
8.8474e+03, 4.1783e+00
8.8497e+03, 6.8564e+00
8.8503e+03, 7.4373e+00
8.8509e+03, 7.8927e+00
8.8514e+03, 8.1837e+00
8.8520e+03, 8.2834e+00
8.8526e+03, 8.1872e+00
8.8531e+03, 7.9093e+00
8.8537e+03, 7.4741e+00
8.8542e+03, 6.9179e+00
8.8565e+03, 4.3072e+00
8.8571e+03, 3.6532e+00
8.8577e+03, 3.0820e+00
8.8583e+03, 2.5970e+00
8.8590e+03, 2.1943e+00
8.8596e+03, 1.8630e+00
8.8602e+03, 1.5927e+00
8.8609e+03, 1.3724e+00
8.8615e+03, 1.1925e+00
8.8620e+03, 1.0738e+00
8.8625e+03, 9.7150e-01
8.8630e+03, 8.8291e-01
8.8635e+03, 8.0579e-01
8.8645e+03, 6.7892e-01
8.8654e+03, 5.7984e-01
8.8664e+03, 5.0106e-01
8.8674e+03, 4.3741e-01
8.8684e+03, 3.8527e-01
8.8694e+03, 3.4201e-01
8.8704e+03, 3.0570e-01
8.8714e+03, 2.7490e-01
8.8733e+03, 2.2577e-01
8.8753e+03, 1.8872e-01
8.8773e+03, 1.6010e-01
8.8793e+03, 1.3756e-01
8.8812e+03, 1.1948e-01
8.8832e+03, 1.0476e-01
8.8852e+03, 9.2638e-02
8.8890e+03, 7.4735e-02
8.8927e+03, 6.1515e-02
8.8965e+03, 5.1505e-02
8.9003e+03, 4.3763e-02
8.9041e+03, 3.7647e-02
8.9078e+03, 3.2736e-02
8.9154e+03, 2.5420e-02
8.9222e+03, 2.0739e-02
8.9290e+03, 1.7272e-02
8.9427e+03, 1.2486e-02
8.9563e+03, 9.4566e-03
8.9700e+03, 7.4171e-03
8.9829e+03, 6.0443e-03
8.9959e+03, 5.0354e-03
9.0217e+03, 3.6487e-03
9.0476e+03, 2.7714e-03
9.0735e+03, 2.1838e-03
9.1223e+03, 1.5007e-03
9.1712e+03, 1.1086e-03
9.2689e+03, 6.9442e-04
9.3609e+03, 5.0831e-04
9.4529e+03, 4.2469e-04
9.4873e+03, 4.3509e-04
9.5218e+03, 5.0081e-04
9.5369e+03, 6.0718e-04
9.5445e+03, 7.0392e-04
9.5520e+03, 8.8082e-04
9.5596e+03, 1.1661e-03
9.5671e+03, 1.8118e-03
9.5709e+03, 2.4476e-03
9.5746e+03, 3.6487e-03
9.5765e+03, 4.6754e-03
9.5784e+03, 6.2770e-03
9.5803e+03, 9.1585e-03
9.5812e+03, 1.1849e-02
9.5822e+03, 1.6998e-02
9.5827e+03, 2.1480e-02
9.5831e+03, 2.8371e-02
9.5836e+03, 3.9149e-02
9.5840e+03, 5.5904e-02
9.5845e+03, 8.1719e-02
9.5850e+03, 1.2044e-01
9.5854e+03, 1.7697e-01
9.5859e+03, 2.5674e-01
9.5863e+03, 3.6541e-01
9.5868e+03, 5.0682e-01
9.5873e+03, 6.8318e-01
9.5877e+03, 8.9277e-01
9.5896e+03, 1.8585e+00
9.5898e+03, 1.9781e+00
9.5901e+03, 2.0775e+00
9.5904e+03, 2.1527e+00
9.5907e+03, 2.2007e+00
9.5910e+03, 2.2202e+00
9.5910e+03, 2.2201e+00
9.5911e+03, 2.2191e+00
9.5911e+03, 2.2171e+00
9.5912e+03, 2.2101e+00
9.5914e+03, 2.1842e+00
9.5918e+03, 2.1094e+00
9.5921e+03, 1.9981e+00
9.5924e+03, 1.8566e+00
9.5928e+03, 1.6929e+00
9.5940e+03, 1.0461e+00
9.5944e+03, 8.4666e-01
9.5948e+03, 6.6830e-01
9.5952e+03, 5.1571e-01
9.5955e+03, 4.0737e-01
9.5959e+03, 3.1728e-01
9.5962e+03, 2.4406e-01
9.5965e+03, 1.8582e-01
9.5972e+03, 1.0572e-01
9.5979e+03, 6.0322e-02
9.5985e+03, 3.5878e-02
9.5992e+03, 2.3104e-02
9.5999e+03, 1.6358e-02
9.6006e+03, 1.2590e-02
9.6019e+03, 8.6941e-03
9.6033e+03, 6.6256e-03
9.6060e+03, 4.3580e-03
9.6087e+03, 3.1336e-03
9.6113e+03, 2.3861e-03
9.6167e+03, 1.5731e-03
9.6231e+03, 1.1017e-03
9.6295e+03, 8.4333e-04
9.6423e+03, 5.8651e-04
9.6551e+03, 4.6278e-04
9.6678e+03, 3.9501e-04
9.7094e+03, 3.0398e-04
9.7509e+03, 2.5962e-04
9.8339e+03, 2.2143e-04
1.0000e+04, 1.8617e-04
1.0277e+04, 1.6271e-04
1.0554e+04, 1.5681e-04
1.1246e+04, 1.8471e-04
1.1592e+04, 2.2581e-04
1.1938e+04, 3.0545e-04
1.2063e+04, 3.6810e-04
1.2126e+04, 4.4786e-04
1.2158e+04, 5.8522e-04
1.2173e+04, 7.7027e-04
1.2181e+04, 9.8229e-04
1.2189e+04, 1.3977e-03
1.2193e+04, 1.8533e-03
1.2198e+04, 2.7187e-03
1.2201e+04, 4.3106e-03
1.2203e+04, 5.9564e-03
1.2204e+04, 7.3819e-03
1.2205e+04, 9.8645e-03
1.2206e+04, 1.4953e-02
1.2206e+04, 1.9461e-02
1.2207e+04, 2.6043e-02
1.2207e+04, 3.6049e-02
1.2208e+04, 5.0432e-02
1.2208e+04, 7.1668e-02
1.2208e+04, 1.0101e-01
1.2209e+04, 1.4231e-01
1.2209e+04, 1.9777e-01
1.2210e+04, 2.6993e-01
1.2210e+04, 3.5856e-01
1.2211e+04, 4.6840e-01
1.2211e+04, 5.9392e-01
1.2212e+04, 8.8908e-01
1.2213e+04, 1.0978e+00
1.2213e+04, 1.2905e+00
1.2214e+04, 1.4437e+00
1.2215e+04, 1.5353e+00
1.2215e+04, 1.5573e+00
1.2215e+04, 1.5573e+00
1.2215e+04, 1.5569e+00
1.2215e+04, 1.5558e+00
1.2215e+04, 1.5517e+00
1.2215e+04, 1.5351e+00
1.2216e+04, 1.4393e+00
1.2217e+04, 1.2844e+00
1.2217e+04, 1.0907e+00
1.2218e+04, 8.8195e-01
1.2218e+04, 7.0203e-01
1.2219e+04, 5.3591e-01
1.2220e+04, 3.9682e-01
1.2220e+04, 2.8250e-01
1.2221e+04, 1.9642e-01
1.2221e+04, 1.0816e-01
1.2222e+04, 5.7892e-02
1.2223e+04, 4.2461e-02
1.2223e+04, 3.1474e-02
1.2224e+04, 1.8463e-02
1.2225e+04, 1.3190e-02
1.2225e+04, 1.0116e-02
1.2226e+04, 6.9221e-03
1.2228e+04, 5.3356e-03
1.2229e+04, 4.3504e-03
1.2231e+04, 3.1371e-03
1.2234e+04, 2.4317e-03
1.2239e+04, 1.6566e-03
1.2244e+04, 1.2734e-03
1.2253e+04, 8.9158e-04
1.2263e+04, 7.2502e-04
1.2283e+04, 5.9604e-04
1.2302e+04, 5.4904e-04
1.2337e+04, 5.3175e-04
1.2446e+04, 6.0054e-04
1.2555e+04, 7.3210e-04
1.2664e+04, 9.3621e-04
1.2773e+04, 1.2646e-03
1.2847e+04, 1.6159e-03
1.2884e+04, 1.8554e-03
1.2921e+04, 2.1569e-03
1.2958e+04, 2.5353e-03
1.2995e+04, 3.0372e-03
1.3032e+04, 3.7374e-03
1.3069e+04, 4.6530e-03
1.3088e+04, 5.2657e-03
1.3097e+04, 5.6197e-03
1.3106e+04, 6.0126e-03
1.3116e+04, 6.4468e-03
1.3120e+04, 6.6828e-03
1.3125e+04, 6.9325e-03
1.3130e+04, 7.1966e-03
1.3134e+04, 7.4764e-03
1.3139e+04, 7.7729e-03
1.3144e+04, 8.0877e-03
1.3148e+04, 8.4021e-03
1.3151e+04, 8.6293e-03
1.3154e+04, 8.8659e-03
1.3157e+04, 9.1124e-03
1.3160e+04, 9.3686e-03
1.3163e+04, 9.6367e-03
1.3166e+04, 9.9156e-03
1.3169e+04, 1.0208e-02
1.3172e+04, 1.0512e-02
1.3175e+04, 1.0832e-02
1.3178e+04, 1.1165e-02
1.3181e+04, 1.1514e-02
1.3184e+04, 1.1880e-02
1.3187e+04, 1.2264e-02
1.3190e+04, 1.2666e-02
1.3193e+04, 1.3089e-02
1.3196e+04, 1.3533e-02
1.3199e+04, 1.4000e-02
1.3202e+04, 1.4493e-02
1.3205e+04, 1.5012e-02
1.3208e+04, 1.5557e-02
1.3211e+04, 1.6134e-02
1.3214e+04, 1.6742e-02
1.3217e+04, 1.7386e-02
1.3220e+04, 1.8066e-02
1.3223e+04, 1.8788e-02
1.3226e+04, 1.9554e-02
1.3229e+04, 2.0368e-02
1.3232e+04, 2.1229e-02
1.3235e+04, 2.2149e-02
1.3238e+04, 2.3126e-02
1.3241e+04, 2.4170e-02
1.3244e+04, 2.5283e-02
1.3247e+04, 2.6476e-02
1.3250e+04, 2.7753e-02
1.3253e+04, 2.9123e-02
1.3256e+04, 3.0589e-02
1.3259e+04, 3.2171e-02
1.3262e+04, 3.3875e-02
1.3265e+04, 3.5713e-02
1.3268e+04, 3.7693e-02
1.3271e+04, 3.9843e-02
1.3274e+04, 4.2173e-02
1.3277e+04, 4.4705e-02
1.3280e+04, 4.7451e-02
1.3283e+04, 5.0453e-02
1.3286e+04, 5.3722e-02
1.3289e+04, 5.7310e-02
1.3292e+04, 6.1229e-02
1.3295e+04, 6.5534e-02
1.3298e+04, 7.0252e-02
1.3301e+04, 7.5469e-02
1.3304e+04, 8.1206e-02
1.3307e+04, 8.7569e-02
1.3310e+04, 9.4587e-02
1.3313e+04, 1.0236e-01
1.3316e+04, 1.1097e-01
1.3319e+04, 1.2055e-01
1.3322e+04, 1.3112e-01
1.3325e+04, 1.4285e-01
1.3328e+04, 1.5573e-01
1.3330e+04, 1.6990e-01
1.3333e+04, 1.8530e-01
1.3336e+04, 2.0191e-01
1.3339e+04, 2.1962e-01
1.3346e+04, 2.5992e-01
1.3352e+04, 2.9873e-01
1.3355e+04, 3.1512e-01
1.3359e+04, 3.2786e-01
1.3362e+04, 3.3598e-01
1.3365e+04, 3.3868e-01
1.3369e+04, 3.3351e-01
1.3372e+04, 3.2449e-01
1.3375e+04, 3.1182e-01
1.3381e+04, 2.7898e-01
1.3393e+04, 2.0577e-01
1.3399e+04, 1.7356e-01
1.3404e+04, 1.4624e-01
1.3410e+04, 1.2364e-01
1.3416e+04, 1.0513e-01
1.3424e+04, 8.4992e-02
1.3432e+04, 6.9785e-02
1.3441e+04, 5.7967e-02
1.3449e+04, 4.8773e-02
1.3457e+04, 4.1519e-02
1.3465e+04, 3.5716e-02
1.3473e+04, 3.1016e-02
1.3481e+04, 2.7169e-02
1.3495e+04, 2.2104e-02
1.3508e+04, 1.8316e-02
1.3522e+04, 1.5428e-02
1.3536e+04, 1.3171e-02
1.3549e+04, 1.1364e-02
1.3563e+04, 9.9063e-03
1.3590e+04, 7.7232e-03
1.3614e+04, 6.3617e-03
1.3638e+04, 5.3342e-03
1.3662e+04, 4.5387e-03
1.3686e+04, 3.9130e-03
1.3734e+04, 3.0124e-03
1.3781e+04, 2.3934e-03
1.3829e+04, 1.9610e-03
1.3877e+04, 1.6431e-03
1.3973e+04, 1.2180e-03
1.4068e+04, 9.6125e-04
1.4164e+04, 7.9116e-04
1.4355e+04, 6.0026e-04
1.4546e+04, 5.0915e-04
1.4929e+04, 4.5878e-04
1.5215e+04, 4.9422e-04
1.5502e+04, 5.8603e-04
1.5789e+04, 7.5961e-04
1.5932e+04, 8.9736e-04
1.6076e+04, 1.0847e-03
1.6219e+04, 1.3583e-03
1.6363e+04, 1.7656e-03
1.6434e+04, 2.0510e-03
1.6506e+04, 2.4123e-03
1.6578e+04, 2.8966e-03
1.6649e+04, 3.5466e-03
1.6689e+04, 4.0265e-03
1.6708e+04, 4.3059e-03
1.6728e+04, 4.6259e-03
1.6747e+04, 4.9954e-03
1.6757e+04, 5.2062e-03
1.6767e+04, 5.4397e-03
1.6777e+04, 5.6945e-03
1.6787e+04, 5.9859e-03
1.6797e+04, 6.3220e-03
1.6806e+04, 6.7186e-03
1.6817e+04, 7.2278e-03
1.6822e+04, 7.5339e-03
1.6827e+04, 7.8875e-03
1.6833e+04, 8.3815e-03
1.6839e+04, 8.9970e-03
1.6845e+04, 9.7961e-03
1.6851e+04, 1.0872e-02
1.6857e+04, 1.2383e-02
1.6860e+04, 1.3424e-02
1.6863e+04, 1.4748e-02
1.6866e+04, 1.6480e-02
1.6869e+04, 1.8792e-02
1.6872e+04, 2.2027e-02
1.6873e+04, 2.4161e-02
1.6875e+04, 2.6798e-02
1.6876e+04, 3.0421e-02
1.6878e+04, 3.5152e-02
1.6879e+04, 4.1581e-02
1.6880e+04, 4.5731e-02
1.6881e+04, 5.0770e-02
1.6882e+04, 5.7024e-02
1.6883e+04, 6.5010e-02
1.6883e+04, 7.5574e-02
1.6884e+04, 9.0122e-02
1.6885e+04, 9.9572e-02
1.6885e+04, 1.1099e-01
1.6885e+04, 1.2491e-01
1.6886e+04, 1.4197e-01
1.6886e+04, 1.6298e-01
1.6887e+04, 1.8889e-01
1.6887e+04, 2.2085e-01
1.6887e+04, 2.6016e-01
1.6888e+04, 2.9034e-01
1.6888e+04, 3.2328e-01
1.6888e+04, 3.6204e-01
1.6888e+04, 4.0407e-01
1.6889e+04, 4.5315e-01
1.6889e+04, 5.0592e-01
1.6889e+04, 5.6453e-01
1.6890e+04, 6.2931e-01
1.6890e+04, 7.8167e-01
1.6891e+04, 9.5833e-01
1.6891e+04, 1.1660e+00
1.6892e+04, 1.3942e+00
1.6893e+04, 1.9956e+00
1.6894e+04, 2.5787e+00
1.6894e+04, 2.8179e+00
1.6895e+04, 2.9914e+00
1.6896e+04, 3.0781e+00
1.6896e+04, 3.1076e+00
1.6896e+04, 3.0910e+00
1.6897e+04, 3.0434e+00
1.6897e+04, 2.8625e+00
1.6898e+04, 2.5422e+00
1.6899e+04, 2.1522e+00
1.6900e+04, 1.3991e+00
1.6901e+04, 1.0735e+00
1.6902e+04, 9.2863e-01
1.6902e+04, 8.0189e-01
1.6902e+04, 6.7178e-01
1.6903e+04, 5.6266e-01
1.6903e+04, 4.6799e-01
1.6904e+04, 3.9077e-01
1.6904e+04, 3.2540e-01
1.6904e+04, 2.7320e-01
1.6905e+04, 2.2977e-01
1.6905e+04, 1.9556e-01
1.6906e+04, 1.6735e-01
1.6906e+04, 1.4521e-01
1.6906e+04, 1.2694e-01
1.6907e+04, 1.1252e-01
1.6907e+04, 1.0049e-01
1.6908e+04, 9.0851e-02
1.6909e+04, 7.6114e-02
1.6910e+04, 6.3560e-02
1.6911e+04, 5.4620e-02
1.6912e+04, 4.7925e-02
1.6913e+04, 4.2770e-02
1.6914e+04, 3.8610e-02
1.6915e+04, 3.5254e-02
1.6917e+04, 3.0118e-02
1.6919e+04, 2.6433e-02
1.6921e+04, 2.3697e-02
1.6922e+04, 2.1619e-02
1.6924e+04, 2.0014e-02
1.6927e+04, 1.8264e-02
1.6930e+04, 1.7003e-02
1.6936e+04, 1.5407e-02
1.6942e+04, 1.4635e-02
1.6948e+04, 1.4573e-02
1.6952e+04, 1.5398e-02
1.6954e+04, 1.7421e-02
1.6955e+04, 2.0368e-02
1.6956e+04, 2.6775e-02
1.6957e+04, 4.0181e-02
1.6958e+04, 6.5459e-02
1.6959e+04, 1.0880e-01
1.6960e+04, 1.7497e-01
1.6961e+04, 2.6371e-01
1.6962e+04, 3.6613e-01
1.6963e+04, 4.6423e-01
1.6964e+04, 5.3515e-01
1.6965e+04, 5.5980e-01
1.6965e+04, 5.5973e-01
1.6965e+04, 5.5883e-01
1.6965e+04, 5.5687e-01
1.6966e+04, 5.5019e-01
1.6966e+04, 5.2538e-01
1.6967e+04, 4.9290e-01
1.6968e+04, 3.6598e-01
1.6969e+04, 2.3063e-01
1.6971e+04, 1.2651e-01
1.6971e+04, 9.0440e-02
1.6972e+04, 6.4493e-02
1.6973e+04, 4.6215e-02
1.6973e+04, 3.4146e-02
1.6974e+04, 2.6509e-02
1.6975e+04, 2.1897e-02
1.6976e+04, 1.7452e-02
1.6977e+04, 1.5889e-02
1.6983e+04, 1.4587e-02
1.6988e+04, 1.4449e-02
1.6999e+04, 1.4788e-02
1.7010e+04, 1.5422e-02
1.7020e+04, 1.6228e-02
1.7031e+04, 1.7172e-02
1.7041e+04, 1.8249e-02
1.7052e+04, 1.9462e-02
1.7063e+04, 2.0825e-02
1.7073e+04, 2.2348e-02
1.7084e+04, 2.4055e-02
1.7094e+04, 2.5967e-02
1.7105e+04, 2.8112e-02
1.7116e+04, 3.0520e-02
1.7126e+04, 3.3231e-02
1.7137e+04, 3.6288e-02
1.7147e+04, 3.9743e-02
1.7158e+04, 4.3647e-02
1.7165e+04, 4.6304e-02
1.7171e+04, 4.9172e-02
1.7178e+04, 5.2267e-02
1.7184e+04, 5.5605e-02
1.7191e+04, 5.9200e-02
1.7197e+04, 6.3068e-02
1.7210e+04, 7.1682e-02
1.7223e+04, 8.1504e-02
1.7236e+04, 9.2395e-02
1.7249e+04, 1.0411e-01
1.7262e+04, 1.1606e-01
1.7275e+04, 1.2695e-01
1.7288e+04, 1.3601e-01
1.7300e+04, 1.4204e-01
1.7313e+04, 1.4406e-01
1.7326e+04, 1.4173e-01
1.7338e+04, 1.3544e-01
1.7348e+04, 1.2853e-01
1.7358e+04, 1.2050e-01
1.7377e+04, 1.0308e-01
1.7396e+04, 8.6000e-02
1.7415e+04, 7.1147e-02
1.7435e+04, 5.8903e-02
1.7454e+04, 4.8962e-02
1.7473e+04, 4.1063e-02
1.7492e+04, 3.4707e-02
1.7515e+04, 2.8789e-02
1.7538e+04, 2.4174e-02
1.7561e+04, 2.0525e-02
1.7584e+04, 1.7611e-02
1.7607e+04, 1.5308e-02
1.7629e+04, 1.3363e-02
1.7652e+04, 1.1756e-02
1.7675e+04, 1.0422e-02
1.7714e+04, 8.6220e-03
1.7753e+04, 7.2243e-03
1.7793e+04, 6.1550e-03
1.7832e+04, 5.2946e-03
1.7910e+04, 4.0476e-03
1.7988e+04, 3.2001e-03
1.8060e+04, 2.6474e-03
1.8132e+04, 2.2254e-03
1.8204e+04, 1.9016e-03
1.8275e+04, 1.6534e-03
1.8419e+04, 1.2986e-03
1.8563e+04, 1.0774e-03
1.8771e+04, 9.4045e-04
1.8905e+04, 1.0650e-03
1.8939e+04, 1.1997e-03
1.8972e+04, 1.4752e-03
1.9006e+04, 2.1539e-03
1.9022e+04, 2.9911e-03
1.9031e+04, 3.7051e-03
1.9039e+04, 4.8420e-03
1.9049e+04, 7.4237e-03
1.9054e+04, 9.7600e-03
1.9059e+04, 1.3484e-02
1.9064e+04, 2.1681e-02
1.9067e+04, 2.9448e-02
1.9070e+04, 4.3082e-02
1.9071e+04, 5.5203e-02
1.9072e+04, 7.6930e-02
1.9073e+04, 9.5512e-02
1.9074e+04, 1.2378e-01
1.9074e+04, 1.6773e-01
1.9075e+04, 2.3522e-01
1.9076e+04, 3.4105e-01
1.9076e+04, 5.0179e-01
1.9077e+04, 7.3894e-01
1.9078e+04, 1.0708e+00
1.9078e+04, 1.2871e+00
1.9079e+04, 1.5302e+00
1.9079e+04, 1.8163e+00
1.9079e+04, 2.1303e+00
1.9080e+04, 2.4909e+00
1.9080e+04, 2.8764e+00
1.9081e+04, 3.7413e+00
1.9082e+04, 5.9364e+00
1.9083e+04, 6.9741e+00
1.9084e+04, 7.7921e+00
1.9084e+04, 8.1213e+00
1.9084e+04, 8.3341e+00
1.9085e+04, 8.4220e+00
1.9085e+04, 8.3371e+00
1.9086e+04, 8.0745e+00
1.9086e+04, 7.6610e+00
1.9087e+04, 7.1895e+00
1.9087e+04, 6.6527e+00
1.9088e+04, 5.4282e+00
1.9089e+04, 4.1682e+00
1.9090e+04, 3.5662e+00
1.9090e+04, 3.0194e+00
1.9090e+04, 2.5888e+00
1.9091e+04, 2.2087e+00
1.9091e+04, 1.8686e+00
1.9091e+04, 1.5683e+00
1.9092e+04, 1.3002e+00
1.9092e+04, 1.0763e+00
1.9093e+04, 8.8621e-01
1.9093e+04, 7.2662e-01
1.9094e+04, 4.8236e-01
1.9094e+04, 3.2279e-01
1.9095e+04, 2.1886e-01
1.9096e+04, 1.5437e-01
1.9097e+04, 1.1347e-01
1.9097e+04, 8.7964e-02
1.9099e+04, 5.9741e-02
1.9100e+04, 4.5242e-02
1.9102e+04, 3.6300e-02
1.9104e+04, 2.5399e-02
1.9107e+04, 1.9043e-02
1.9113e+04, 1.1986e-02
1.9118e+04, 9.0920e-03
1.9122e+04, 7.2391e-03
1.9131e+04, 5.0517e-03
1.9139e+04, 3.8109e-03
1.9148e+04, 3.1323e-03
1.9165e+04, 2.2663e-03
1.9183e+04, 1.8510e-03
1.9217e+04, 1.5077e-03
1.9252e+04, 1.4169e-03
1.9303e+04, 1.4786e-03
1.9354e+04, 1.7076e-03
1.9405e+04, 2.1464e-03
1.9456e+04, 2.9615e-03
1.9475e+04, 3.4222e-03
1.9500e+04, 4.3051e-03
1.9526e+04, 5.6578e-03
1.9551e+04, 7.8656e-03
1.9577e+04, 1.1808e-02
1.9589e+04, 1.5056e-02
1.9602e+04, 1.9939e-02
1.9615e+04, 2.7730e-02
1.9621e+04, 3.3486e-02
1.9628e+04, 4.1215e-02
1.9634e+04, 5.2025e-02
1.9640e+04, 6.7805e-02
1.9647e+04, 9.2072e-02
1.9650e+04, 1.0944e-01
1.9653e+04, 1.3213e-01
1.9657e+04, 1.6933e-01
1.9659e+04, 1.9415e-01
1.9661e+04, 2.2463e-01
1.9663e+04, 2.6308e-01
1.9664e+04, 3.1183e-01
1.9666e+04, 3.7506e-01
1.9668e+04, 4.5859e-01
1.9670e+04, 5.4602e-01
1.9671e+04, 6.5708e-01
1.9673e+04, 7.9949e-01
1.9674e+04, 9.8109e-01
1.9676e+04, 1.2084e+00
1.9677e+04, 1.4826e+00
1.9680e+04, 2.1193e+00
1.9681e+04, 2.3613e+00
1.9683e+04, 2.5602e+00
1.9684e+04, 2.6915e+00
1.9685e+04, 2.7372e+00
1.9686e+04, 2.6863e+00
1.9688e+04, 2.5435e+00
1.9689e+04, 2.3278e+00
1.9690e+04, 2.0709e+00
1.9693e+04, 1.5353e+00
1.9694e+04, 1.2973e+00
1.9695e+04, 1.0910e+00
1.9696e+04, 9.7239e-01
1.9697e+04, 8.6775e-01
1.9698e+04, 7.7604e-01
1.9698e+04, 6.9598e-01
1.9699e+04, 6.2620e-01
1.9700e+04, 5.6539e-01
1.9702e+04, 4.6643e-01
1.9703e+04, 3.8978e-01
1.9705e+04, 3.3034e-01
1.9707e+04, 2.8299e-01
1.9708e+04, 2.4521e-01
1.9711e+04, 1.9750e-01
1.9714e+04, 1.6256e-01
1.9716e+04, 1.3611e-01
1.9719e+04, 1.1557e-01
1.9725e+04, 8.6238e-02
1.9730e+04, 6.6835e-02
1.9735e+04, 5.4587e-02
1.9740e+04, 4.5453e-02
1.9749e+04, 3.2998e-02
1.9759e+04, 2.5024e-02
1.9769e+04, 1.9643e-02
1.9788e+04, 1.3059e-02
1.9807e+04, 9.3574e-03
1.9826e+04, 7.0419e-03
1.9846e+04, 5.5094e-03
1.9884e+04, 3.6675e-03
1.9923e+04, 2.6473e-03
1.9961e+04, 2.0173e-03
2.0000e+04, 1.6028e-03
2.0088e+04, 1.0564e-03
2.0177e+04, 7.6952e-04
2.0354e+04, 4.9062e-04
2.0569e+04, 3.4002e-04
2.0783e+04, 2.6205e-04
2.1213e+04, 1.8195e-04
2.1921e+04, 1.2566e-04
2.2628e+04, 9.9735e-05
2.4043e+04, 8.3208e-05
2.4852e+04, 9.1756e-05
2.5256e+04, 1.0893e-04
2.5458e+04, 1.2650e-04
2.5661e+04, 1.5811e-04
2.5863e+04, 2.2274e-04
2.5970e+04, 2.8902e-04
2.6078e+04, 4.0863e-04
2.6185e+04, 6.5109e-04
2.6239e+04, 8.8596e-04
2.6292e+04, 1.3012e-03
2.6322e+04, 1.6883e-03
2.6352e+04, 2.3066e-03
2.6382e+04, 3.3963e-03
2.6397e+04, 4.3150e-03
2.6412e+04, 5.7760e-03
2.6422e+04, 7.2444e-03
2.6431e+04, 9.5900e-03
2.6441e+04, 1.4122e-02
2.6446e+04, 1.8421e-02
2.6450e+04, 2.6407e-02
2.6453e+04, 3.6551e-02
2.6455e+04, 4.5767e-02
2.6456e+04, 6.1933e-02
2.6458e+04, 9.3319e-02
2.6458e+04, 1.1951e-01
2.6459e+04, 1.5667e-01
2.6460e+04, 2.0878e-01
2.6461e+04, 2.8051e-01
2.6461e+04, 3.7685e-01
2.6462e+04, 5.0252e-01
2.6463e+04, 6.1037e-01
2.6463e+04, 7.3514e-01
2.6464e+04, 1.0340e+00
2.6465e+04, 1.3862e+00
2.6466e+04, 1.7578e+00
2.6467e+04, 2.0628e+00
2.6468e+04, 2.3179e+00
2.6469e+04, 2.4346e+00
2.6469e+04, 2.5153e+00
2.6470e+04, 2.5606e+00
2.6471e+04, 2.5411e+00
2.6471e+04, 2.4832e+00
2.6472e+04, 2.3568e+00
2.6472e+04, 2.1840e+00
2.6474e+04, 1.7670e+00
2.6475e+04, 1.3150e+00
2.6476e+04, 9.8162e-01
2.6476e+04, 8.3275e-01
2.6477e+04, 7.0192e-01
2.6477e+04, 5.8458e-01
2.6478e+04, 4.8523e-01
2.6478e+04, 3.9919e-01
2.6479e+04, 3.2868e-01
2.6479e+04, 2.6942e-01
2.6480e+04, 2.2219e-01
2.6480e+04, 1.8347e-01
2.6481e+04, 1.5328e-01
2.6482e+04, 1.1029e-01
2.6483e+04, 8.4011e-02
2.6484e+04, 6.5035e-02
2.6485e+04, 5.4475e-02
2.6488e+04, 4.4154e-02
2.6493e+04, 3.8074e-02
2.6499e+04, 3.9948e-02
2.6505e+04, 4.8226e-02
2.6511e+04, 6.4424e-02
2.6514e+04, 7.7246e-02
2.6518e+04, 9.5134e-02
2.6521e+04, 1.2121e-01
2.6522e+04, 1.3898e-01
2.6524e+04, 1.6119e-01
2.6525e+04, 1.8989e-01
2.6527e+04, 2.2744e-01
2.6528e+04, 2.7844e-01
2.6529e+04, 3.1134e-01
2.6530e+04, 3.5022e-01
2.6531e+04, 4.0751e-01
2.6532e+04, 4.8003e-01
2.6533e+04, 5.7254e-01
2.6533e+04, 6.8942e-01
2.6534e+04, 8.3996e-01
2.6535e+04, 1.0278e+00
2.6536e+04, 1.2636e+00
2.6537e+04, 1.5464e+00
2.6538e+04, 1.7932e+00
2.6538e+04, 2.0622e+00
2.6540e+04, 2.6587e+00
2.6541e+04, 3.2824e+00
2.6542e+04, 3.8302e+00
2.6543e+04, 4.0389e+00
2.6544e+04, 4.1935e+00
2.6544e+04, 4.2897e+00
2.6545e+04, 4.3223e+00
2.6546e+04, 4.2885e+00
2.6546e+04, 4.1912e+00
2.6547e+04, 4.0328e+00
2.6548e+04, 3.8261e+00
2.6549e+04, 3.2997e+00
2.6550e+04, 2.7091e+00
2.6552e+04, 2.0324e+00
2.6552e+04, 1.7320e+00
2.6553e+04, 1.4655e+00
2.6554e+04, 1.2347e+00
2.6555e+04, 1.0390e+00
2.6555e+04, 8.7558e-01
2.6556e+04, 7.4087e-01
2.6557e+04, 6.4392e-01
2.6558e+04, 5.6277e-01
2.6558e+04, 4.9490e-01
2.6559e+04, 4.3883e-01
2.6560e+04, 3.9092e-01
2.6560e+04, 3.5102e-01
2.6561e+04, 2.8749e-01
2.6563e+04, 2.4029e-01
2.6564e+04, 2.0426e-01
2.6565e+04, 1.7606e-01
2.6567e+04, 1.5352e-01
2.6569e+04, 1.2294e-01
2.6571e+04, 1.0088e-01
2.6574e+04, 8.4394e-02
2.6576e+04, 7.1753e-02
2.6581e+04, 5.3749e-02
2.6585e+04, 4.1815e-02
2.6595e+04, 2.7460e-02
2.6604e+04, 1.9477e-02
2.6614e+04, 1.4530e-02
2.6623e+04, 1.1272e-02
2.6644e+04, 7.0704e-03
2.6665e+04, 4.8503e-03
2.6686e+04, 3.5443e-03
2.6707e+04, 2.7135e-03
2.6733e+04, 2.0349e-03
2.6760e+04, 1.5813e-03
2.6813e+04, 1.0472e-03
2.6831e+04, 9.3195e-04
2.6901e+04, 6.2698e-04
2.6972e+04, 4.5942e-04
2.7043e+04, 3.5801e-04
2.7157e+04, 2.6328e-04
2.7272e+04, 2.0810e-04
2.7502e+04, 1.5414e-04
2.7732e+04, 1.3008e-04
2.7961e+04, 1.2075e-04
2.8279e+04, 1.3370e-04
2.8438e+04, 1.6653e-04
2.8518e+04, 2.0984e-04
2.8597e+04, 3.1122e-04
2.8643e+04, 4.5267e-04
2.8665e+04, 5.6625e-04
2.8688e+04, 7.5736e-04
2.8710e+04, 1.1063e-03
2.8722e+04, 1.3831e-03
2.8733e+04, 1.8065e-03
2.8744e+04, 2.4226e-03
2.8756e+04, 3.5305e-03
2.8767e+04, 5.6860e-03
2.8773e+04, 7.5508e-03
2.8778e+04, 1.0565e-02
2.8784e+04, 1.6258e-02
2.8787e+04, 2.1106e-02
2.8790e+04, 2.8792e-02
2.8793e+04, 4.2976e-02
2.8794e+04, 5.6135e-02
2.8796e+04, 7.9220e-02
2.8797e+04, 1.2328e-01
2.8798e+04, 1.5965e-01
2.8799e+04, 2.0980e-01
2.8799e+04, 2.8014e-01
2.8800e+04, 3.7452e-01
2.8801e+04, 4.9996e-01
2.8802e+04, 6.6256e-01
2.8802e+04, 8.2713e-01
2.8803e+04, 1.0219e+00
2.8803e+04, 1.2473e+00
2.8804e+04, 1.4974e+00
2.8805e+04, 2.0763e+00
2.8806e+04, 2.6917e+00
2.8807e+04, 3.1655e+00
2.8808e+04, 3.5504e+00
2.8809e+04, 3.7102e+00
2.8809e+04, 3.8160e+00
2.8810e+04, 3.8643e+00
2.8811e+04, 3.8345e+00
2.8811e+04, 3.7466e+00
2.8812e+04, 3.5860e+00
2.8812e+04, 3.3721e+00
2.8813e+04, 3.0622e+00
2.8814e+04, 2.7120e+00
2.8815e+04, 1.9830e+00
2.8816e+04, 1.6699e+00
2.8816e+04, 1.3862e+00
2.8817e+04, 1.1327e+00
2.8818e+04, 9.1247e-01
2.8818e+04, 7.2602e-01
2.8819e+04, 5.7188e-01
2.8819e+04, 4.4723e-01
2.8820e+04, 3.4842e-01
2.8821e+04, 2.7146e-01
2.8821e+04, 2.1242e-01
2.8823e+04, 1.3401e-01
2.8824e+04, 8.9975e-02
2.8825e+04, 6.4974e-02
2.8827e+04, 4.7391e-02
2.8828e+04, 3.7022e-02
2.8831e+04, 2.5245e-02
2.8834e+04, 1.8599e-02
2.8837e+04, 1.4345e-02
2.8843e+04, 9.3698e-03
2.8850e+04, 6.6348e-03
2.8856e+04, 4.9410e-03
2.8862e+04, 3.8548e-03
2.8874e+04, 2.5461e-03
2.8887e+04, 1.7859e-03
2.8906e+04, 1.1728e-03
2.8925e+04, 8.6071e-04
2.8944e+04, 6.4780e-04
2.8963e+04, 5.1582e-04
2.9014e+04, 3.3056e-04
2.9065e+04, 2.4396e-04
2.9116e+04, 1.9738e-04
2.9230e+04, 1.4888e-04
2.9345e+04, 1.3080e-04
2.9574e+04, 1.1101e-04
3.0031e+04, 1.0374e-04
3.0998e+04, 1.1324e-04
3.1964e+04, 1.3467e-04
3.2930e+04, 1.7138e-04
3.3896e+04, 2.4797e-04
3.4329e+04, 3.3399e-04
3.4545e+04, 4.2249e-04
3.4653e+04, 4.9680e-04
3.4761e+04, 6.1252e-04
3.4837e+04, 7.3964e-04
3.4914e+04, 9.3830e-04
3.4990e+04, 1.2764e-03
3.5028e+04, 1.5465e-03
3.5066e+04, 1.9270e-03
3.5100e+04, 2.4201e-03
3.5133e+04, 3.1685e-03
3.5150e+04, 3.6970e-03
3.5166e+04, 4.3818e-03
3.5183e+04, 5.2942e-03
3.5200e+04, 6.5258e-03
3.5216e+04, 8.2913e-03
3.5233e+04, 1.0956e-02
3.5250e+04, 1.5057e-02
3.5254e+04, 1.6452e-02
3.5258e+04, 1.8049e-02
3.5262e+04, 1.9895e-02
3.5266e+04, 2.2042e-02
3.5270e+04, 2.4174e-02
3.5272e+04, 2.5356e-02
3.5274e+04, 2.6619e-02
3.5275e+04, 2.8066e-02
3.5277e+04, 2.9632e-02
3.5279e+04, 3.1330e-02
3.5281e+04, 3.3165e-02
3.5283e+04, 3.5171e-02
3.5285e+04, 3.7360e-02
3.5287e+04, 3.9751e-02
3.5289e+04, 4.2355e-02
3.5291e+04, 4.5708e-02
3.5293e+04, 4.9437e-02
3.5294e+04, 5.1484e-02
3.5295e+04, 5.3632e-02
3.5296e+04, 5.5909e-02
3.5297e+04, 5.8324e-02
3.5298e+04, 6.0912e-02
3.5300e+04, 6.3636e-02
3.5301e+04, 6.6530e-02
3.5302e+04, 6.9609e-02
3.5303e+04, 7.2916e-02
3.5304e+04, 7.6407e-02
3.5305e+04, 8.0125e-02
3.5306e+04, 8.4087e-02
3.5307e+04, 8.8151e-02
3.5308e+04, 9.2474e-02
3.5309e+04, 9.7074e-02
3.5310e+04, 1.0192e-01
3.5312e+04, 1.1259e-01
3.5314e+04, 1.2464e-01
3.5317e+04, 1.3823e-01
3.5319e+04, 1.5334e-01
3.5321e+04, 1.7003e-01
3.5323e+04, 1.8818e-01
3.5325e+04, 2.0809e-01
3.5327e+04, 2.2862e-01
3.5331e+04, 2.6850e-01
3.5336e+04, 2.9883e-01
3.5338e+04, 3.0732e-01
3.5340e+04, 3.1023e-01
3.5342e+04, 3.0637e-01
3.5345e+04, 2.9534e-01
3.5347e+04, 2.8326e-01
3.5349e+04, 2.6877e-01
3.5352e+04, 2.3549e-01
3.5356e+04, 2.0088e-01
3.5359e+04, 1.6881e-01
3.5367e+04, 1.1788e-01
3.5370e+04, 9.9157e-02
3.5374e+04, 8.4055e-02
3.5379e+04, 6.6840e-02
3.5385e+04, 5.4083e-02
3.5390e+04, 4.4479e-02
3.5395e+04, 3.7149e-02
3.5401e+04, 3.1440e-02
3.5406e+04, 2.6929e-02
3.5411e+04, 2.3311e-02
3.5417e+04, 2.0375e-02
3.5426e+04, 1.6480e-02
3.5435e+04, 1.3628e-02
3.5444e+04, 1.1452e-02
3.5453e+04, 9.7585e-03
3.5472e+04, 7.3462e-03
3.5490e+04, 5.7493e-03
3.5509e+04, 4.6382e-03
3.5527e+04, 3.8433e-03
3.5564e+04, 2.7844e-03
3.5600e+04, 2.1385e-03
3.5637e+04, 1.7179e-03
3.5715e+04, 1.2067e-03
3.5792e+04, 9.3764e-04
3.5870e+04, 7.8186e-04
3.5947e+04, 6.8511e-04
3.6176e+04, 5.5788e-04
3.6405e+04, 5.2477e-04
3.6927e+04, 5.6787e-04
3.7449e+04, 6.9429e-04
3.7972e+04, 9.0667e-04
3.8494e+04, 1.2600e-03
3.8886e+04, 1.7012e-03
3.9082e+04, 2.0391e-03
3.9278e+04, 2.5367e-03
3.9380e+04, 3.0627e-03
3.9431e+04, 3.7080e-03
3.9457e+04, 4.4385e-03
3.9482e+04, 6.2466e-03
3.9493e+04, 8.0196e-03
3.9504e+04, 1.1591e-02
3.9509e+04, 1.5084e-02
3.9514e+04, 2.1343e-02
3.9517e+04, 2.6708e-02
3.9520e+04, 3.5509e-02
3.9522e+04, 5.3214e-02
3.9524e+04, 7.0349e-02
3.9525e+04, 9.8983e-02
3.9526e+04, 1.4281e-01
3.9527e+04, 2.1304e-01
3.9529e+04, 3.2305e-01
3.9530e+04, 4.8804e-01
3.9530e+04, 5.9677e-01
3.9531e+04, 7.2235e-01
3.9532e+04, 1.0345e+00
3.9533e+04, 1.4211e+00
3.9535e+04, 1.8617e+00
3.9536e+04, 2.4581e+00
3.9537e+04, 2.7263e+00
3.9538e+04, 2.9488e+00
3.9539e+04, 3.1004e+00
3.9539e+04, 3.1961e+00
3.9540e+04, 3.2330e+00
3.9541e+04, 3.2119e+00
3.9541e+04, 3.1497e+00
3.9542e+04, 3.0056e+00
3.9543e+04, 2.8048e+00
3.9544e+04, 2.3863e+00
3.9545e+04, 1.9184e+00
3.9546e+04, 1.4596e+00
3.9547e+04, 1.2470e+00
3.9548e+04, 1.0553e+00
3.9548e+04, 8.6768e-01
3.9549e+04, 7.0720e-01
3.9550e+04, 5.6884e-01
3.9550e+04, 4.5537e-01
3.9551e+04, 3.6130e-01
3.9552e+04, 2.8687e-01
3.9552e+04, 2.2792e-01
3.9553e+04, 1.8182e-01
3.9554e+04, 1.2545e-01
3.9555e+04, 8.9987e-02
3.9557e+04, 6.7730e-02
3.9558e+04, 5.3603e-02
3.9560e+04, 3.7582e-02
3.9562e+04, 2.9023e-02
3.9567e+04, 1.9882e-02
3.9572e+04, 1.5041e-02
3.9581e+04, 1.0100e-02
3.9590e+04, 7.8073e-03
3.9609e+04, 5.7781e-03
3.9627e+04, 4.9462e-03
3.9689e+04, 4.2880e-03
3.9806e+04, 4.6352e-03
3.9923e+04, 5.5016e-03
3.9982e+04, 6.1222e-03
4.0040e+04, 6.9570e-03
4.0099e+04, 8.1265e-03
4.0128e+04, 8.9412e-03
4.0157e+04, 1.0020e-02
4.0188e+04, 1.1615e-02
4.0204e+04, 1.2711e-02
4.0219e+04, 1.4115e-02
4.0234e+04, 1.5976e-02
4.0250e+04, 1.8525e-02
4.0257e+04, 2.0145e-02
4.0265e+04, 2.2124e-02
4.0273e+04, 2.4577e-02
4.0281e+04, 2.7635e-02
4.0287e+04, 3.0920e-02
4.0294e+04, 3.5001e-02
4.0300e+04, 4.0136e-02
4.0307e+04, 4.6661e-02
4.0314e+04, 5.5025e-02
4.0317e+04, 6.0052e-02
4.0320e+04, 6.5740e-02
4.0324e+04, 7.2217e-02
4.0327e+04, 7.9536e-02
4.0334e+04, 9.6740e-02
4.0347e+04, 1.3684e-01
4.0350e+04, 1.4567e-01
4.0353e+04, 1.5271e-01
4.0357e+04, 1.5727e-01
4.0360e+04, 1.5888e-01
4.0362e+04, 1.5800e-01
4.0365e+04, 1.5536e-01
4.0370e+04, 1.4560e-01
4.0375e+04, 1.3181e-01
4.0380e+04, 1.1643e-01
4.0385e+04, 1.0140e-01
4.0390e+04, 8.7835e-02
4.0395e+04, 7.6188e-02
4.0400e+04, 6.6450e-02
4.0404e+04, 6.0027e-02
4.0408e+04, 5.4539e-02
4.0412e+04, 4.9851e-02
4.0416e+04, 4.5822e-02
4.0420e+04, 4.2342e-02
4.0424e+04, 3.9336e-02
4.0431e+04, 3.4488e-02
4.0439e+04, 3.0815e-02
4.0447e+04, 2.8001e-02
4.0455e+04, 2.5821e-02
4.0463e+04, 2.4119e-02
4.0473e+04, 2.2388e-02
4.0484e+04, 2.1103e-02
4.0495e+04, 2.0165e-02
4.0506e+04, 1.9492e-02
4.0527e+04, 1.8737e-02
4.0548e+04, 1.8451e-02
4.0568e+04, 1.8517e-02
4.0588e+04, 1.8798e-02
4.0628e+04, 1.9850e-02
4.0664e+04, 2.1340e-02
4.0700e+04, 2.3264e-02
4.0737e+04, 2.5666e-02
4.0773e+04, 2.8637e-02
4.0809e+04, 3.2244e-02
4.0845e+04, 3.6713e-02
4.0882e+04, 4.2255e-02
4.0918e+04, 4.9158e-02
4.0946e+04, 5.5792e-02
4.0974e+04, 6.3878e-02
4.1002e+04, 7.3853e-02
4.1030e+04, 8.6312e-02
4.1058e+04, 1.0211e-01
4.1086e+04, 1.2199e-01
4.1100e+04, 1.3428e-01
4.1114e+04, 1.4839e-01
4.1128e+04, 1.6468e-01
4.1142e+04, 1.8354e-01
4.1162e+04, 2.1554e-01
4.1182e+04, 2.5534e-01
4.1202e+04, 3.0514e-01
4.1221e+04, 3.6704e-01
4.1241e+04, 4.4317e-01
4.1261e+04, 5.3347e-01
4.1301e+04, 7.3066e-01
4.1310e+04, 7.7186e-01
4.1320e+04, 8.0394e-01
4.1330e+04, 8.2444e-01
4.1340e+04, 8.3131e-01
4.1349e+04, 8.2447e-01
4.1358e+04, 8.0576e-01
4.1368e+04, 7.7675e-01
4.1377e+04, 7.3936e-01
4.1414e+04, 5.5670e-01
4.1432e+04, 4.6920e-01
4.1451e+04, 3.9375e-01
4.1469e+04, 3.3105e-01
4.1488e+04, 2.7980e-01
4.1500e+04, 2.5188e-01
4.1512e+04, 2.2749e-01
4.1524e+04, 2.0618e-01
4.1535e+04, 1.8788e-01
4.1547e+04, 1.7144e-01
4.1559e+04, 1.5702e-01
4.1571e+04, 1.4409e-01
4.1583e+04, 1.3289e-01
4.1595e+04, 1.2268e-01
4.1607e+04, 1.1380e-01
4.1631e+04, 9.8563e-02
4.1655e+04, 8.6274e-02
4.1679e+04, 7.6282e-02
4.1708e+04, 6.6502e-02
4.1737e+04, 5.8716e-02
4.1766e+04, 5.2513e-02
4.1796e+04, 4.7601e-02
4.1825e+04, 4.3690e-02
4.1854e+04, 4.0679e-02
4.1883e+04, 3.8447e-02
4.1912e+04, 3.6924e-02
4.1934e+04, 3.6275e-02
4.1955e+04, 3.6018e-02
4.1971e+04, 3.6103e-02
4.1987e+04, 3.6408e-02
4.2003e+04, 3.7014e-02
4.2019e+04, 3.7926e-02
4.2035e+04, 3.9183e-02
4.2043e+04, 3.9954e-02
4.2050e+04, 4.0828e-02
4.2058e+04, 4.1815e-02
4.2066e+04, 4.2918e-02
4.2074e+04, 4.4147e-02
4.2082e+04, 4.5510e-02
4.2090e+04, 4.6935e-02
4.2097e+04, 4.8492e-02
4.2105e+04, 5.0192e-02
4.2113e+04, 5.2036e-02
4.2120e+04, 5.4033e-02
4.2128e+04, 5.6173e-02
4.2135e+04, 5.8474e-02
4.2143e+04, 6.0924e-02
4.2150e+04, 6.3518e-02
4.2158e+04, 6.6244e-02
4.2173e+04, 7.1946e-02
4.2188e+04, 7.7746e-02
4.2203e+04, 8.3208e-02
4.2227e+04, 8.9621e-02
4.2238e+04, 9.1310e-02
4.2250e+04, 9.1706e-02
4.2262e+04, 9.0692e-02
4.2273e+04, 8.8389e-02
4.2285e+04, 8.5010e-02
4.2297e+04, 8.0776e-02
4.2320e+04, 7.1068e-02
4.2343e+04, 6.1141e-02
4.2366e+04, 5.2134e-02
4.2390e+04, 4.4465e-02
4.2413e+04, 3.8120e-02
4.2436e+04, 3.2967e-02
4.2459e+04, 2.8767e-02
4.2482e+04, 2.5335e-02
4.2522e+04, 2.0772e-02
4.2562e+04, 1.7475e-02
4.2603e+04, 1.4968e-02
4.2643e+04, 1.3029e-02
4.2683e+04, 1.1496e-02
4.2723e+04, 1.0259e-02
4.2803e+04, 8.4053e-03
4.2892e+04, 6.9894e-03
4.2981e+04, 5.9542e-03
4.3071e+04, 5.1701e-03
4.3160e+04, 4.5645e-03
4.3338e+04, 3.7301e-03
4.3516e+04, 3.2055e-03
4.3659e+04, 2.9618e-03
4.3802e+04, 2.8653e-03
4.3998e+04, 3.0579e-03
4.4096e+04, 3.3806e-03
4.4194e+04, 4.0138e-03
4.4261e+04, 4.7668e-03
4.4328e+04, 6.0086e-03
4.4394e+04, 8.1555e-03
4.4428e+04, 9.8822e-03
4.4461e+04, 1.2372e-02
4.4490e+04, 1.5536e-02
4.4505e+04, 1.7599e-02
4.4519e+04, 2.0189e-02
4.4534e+04, 2.3438e-02
4.4548e+04, 2.7579e-02
4.4563e+04, 3.2957e-02
4.4577e+04, 4.0085e-02
4.4586e+04, 4.5680e-02
4.4595e+04, 5.2494e-02
4.4604e+04, 6.0897e-02
4.4613e+04, 7.1341e-02
4.4622e+04, 8.4385e-02
4.4626e+04, 9.2141e-02
4.4631e+04, 1.0092e-01
4.4635e+04, 1.1088e-01
4.4640e+04, 1.2213e-01
4.4644e+04, 1.3487e-01
4.4648e+04, 1.4922e-01
4.4655e+04, 1.7315e-01
4.4661e+04, 2.0102e-01
4.4668e+04, 2.3256e-01
4.4674e+04, 2.6650e-01
4.4681e+04, 3.0017e-01
4.4687e+04, 3.2967e-01
4.4694e+04, 3.5016e-01
4.4700e+04, 3.5744e-01
4.4704e+04, 3.5455e-01
4.4708e+04, 3.4625e-01
4.4712e+04, 3.3326e-01
4.4716e+04, 3.1665e-01
4.4724e+04, 2.7699e-01
4.4732e+04, 2.3526e-01
4.4739e+04, 1.9675e-01
4.4747e+04, 1.6388e-01
4.4755e+04, 1.3681e-01
4.4763e+04, 1.1490e-01
4.4772e+04, 9.5087e-02
4.4781e+04, 7.9593e-02
4.4790e+04, 6.7357e-02
4.4799e+04, 5.7633e-02
4.4808e+04, 4.9856e-02
4.4817e+04, 4.3474e-02
4.4826e+04, 3.8197e-02
4.4835e+04, 3.3819e-02
4.4852e+04, 2.7456e-02
4.4868e+04, 2.2740e-02
4.4885e+04, 1.9158e-02
4.4902e+04, 1.6379e-02
4.4918e+04, 1.4180e-02
4.4935e+04, 1.2444e-02
4.4969e+04, 9.7906e-03
4.5002e+04, 7.9536e-03
4.5035e+04, 6.6159e-03
4.5102e+04, 4.8515e-03
4.5169e+04, 3.7773e-03
4.5235e+04, 3.0506e-03
4.5400e+04, 2.0465e-03
4.5564e+04, 1.5326e-03
4.5893e+04, 1.0227e-03
4.6427e+04, 6.6981e-04
4.6961e+04, 4.9621e-04
4.8028e+04, 3.1957e-04
4.9014e+04, 2.3498e-04
5.0000e+04, 1.8334e-04
5.1684e+04, 1.4145e-04
5.2237e+04, 1.5059e-04
5.2513e+04, 1.7405e-04
5.2651e+04, 1.9964e-04
5.2789e+04, 2.4703e-04
5.2941e+04, 3.6175e-04
5.3016e+04, 4.8120e-04
5.3092e+04, 7.0531e-04
5.3127e+04, 8.8103e-04
5.3161e+04, 1.1461e-03
5.3196e+04, 1.5733e-03
5.3230e+04, 2.3220e-03
5.3248e+04, 2.9695e-03
5.3266e+04, 3.9480e-03
5.3285e+04, 5.5289e-03
5.3294e+04, 6.7126e-03
5.3303e+04, 8.3182e-03
5.3313e+04, 1.0847e-02
5.3317e+04, 1.2582e-02
5.3322e+04, 1.4778e-02
5.3332e+04, 2.1338e-02
5.3337e+04, 2.6306e-02
5.3340e+04, 2.9464e-02
5.3342e+04, 3.3206e-02
5.3344e+04, 3.6910e-02
5.3346e+04, 4.1256e-02
5.3348e+04, 4.6392e-02
5.3350e+04, 5.2471e-02
5.3352e+04, 5.8221e-02
5.3354e+04, 6.4847e-02
5.3355e+04, 7.2600e-02
5.3356e+04, 7.6918e-02
5.3357e+04, 8.1579e-02
5.3358e+04, 8.6674e-02
5.3359e+04, 9.2108e-02
5.3359e+04, 9.7968e-02
5.3360e+04, 1.0428e-01
5.3361e+04, 1.1116e-01
5.3362e+04, 1.1845e-01
5.3363e+04, 1.2626e-01
5.3364e+04, 1.3460e-01
5.3365e+04, 1.4627e-01
5.3366e+04, 1.5882e-01
5.3367e+04, 1.7219e-01
5.3368e+04, 1.8626e-01
5.3369e+04, 2.0088e-01
5.3370e+04, 2.1583e-01
5.3372e+04, 2.4546e-01
5.3376e+04, 2.9162e-01
5.3378e+04, 3.0519e-01
5.3380e+04, 3.0991e-01
5.3382e+04, 3.0427e-01
5.3384e+04, 2.8828e-01
5.3387e+04, 2.6308e-01
5.3389e+04, 2.3284e-01
5.3391e+04, 2.0117e-01
5.3393e+04, 1.7106e-01
5.3398e+04, 1.2085e-01
5.3402e+04, 8.6074e-02
5.3405e+04, 7.2292e-02
5.3407e+04, 6.1420e-02
5.3412e+04, 4.6019e-02
5.3417e+04, 3.6270e-02
5.3422e+04, 3.0324e-02
5.3426e+04, 2.8227e-02
5.3430e+04, 3.0303e-02
5.3432e+04, 3.8222e-02
5.3433e+04, 4.6846e-02
5.3434e+04, 6.0766e-02
5.3435e+04, 8.2852e-02
5.3436e+04, 1.1639e-01
5.3437e+04, 1.6541e-01
5.3438e+04, 2.3354e-01
5.3439e+04, 3.2607e-01
5.3440e+04, 4.4535e-01
5.3443e+04, 7.6202e-01
5.3445e+04, 1.1496e+00
5.3447e+04, 1.5085e+00
5.3447e+04, 1.5698e+00
5.3449e+04, 1.6870e+00
5.3450e+04, 1.7378e+00
5.3450e+04, 1.7393e+00
5.3450e+04, 1.7392e+00
5.3450e+04, 1.7382e+00
5.3450e+04, 1.7357e+00
5.3451e+04, 1.7270e+00
5.3451e+04, 1.6939e+00
5.3452e+04, 1.5959e+00
5.3453e+04, 1.4548e+00
5.3455e+04, 1.0948e+00
5.3458e+04, 7.2235e-01
5.3460e+04, 4.2258e-01
5.3461e+04, 2.8859e-01
5.3462e+04, 1.9116e-01
5.3463e+04, 1.2364e-01
5.3465e+04, 7.9227e-02
5.3466e+04, 5.1326e-02
5.3467e+04, 3.4453e-02
5.3468e+04, 2.4510e-02
5.3470e+04, 1.8699e-02
5.3472e+04, 1.3092e-02
5.3475e+04, 1.0651e-02
5.3480e+04, 8.2085e-03
5.3490e+04, 6.0721e-03
5.3495e+04, 6.4349e-03
5.3500e+04, 8.2762e-03
5.3500e+04, 1.1592e-02
5.4000e+04, 1.1532e-02
5.9000e+04, 1.0980e-02
6.4000e+04, 1.0501e-02
6.9000e+04, 1.0079e-02
7.4000e+04, 9.7014e-03
7.9000e+04, 9.3603e-03
8.4000e+04, 9.0495e-03
8.9000e+04, 8.7644e-03
9.4000e+04, 8.5012e-03
9.9000e+04, 8.2573e-03
1.0000e+05, 8.2106e-03
1.0000e+05, 7.6962e-03
1.0500e+05, 7.5782e-03
1.1000e+05, 7.4890e-03
1.1500e+05, 7.3997e-03
1.2000e+05, 7.3309e-03
1.2500e+05, 7.2621e-03
1.3000e+05, 7.2093e-03
1.3500e+05, 7.1566e-03
1.4000e+05, 7.1039e-03
1.5000e+05, 7.0159e-03
1.5500e+05, 6.9718e-03
1.6000e+05, 6.9348e-03
1.6500e+05, 7.0119e-03
1.6632e+05, 7.0066e-03
1.7000e+05, 6.9920e-03
1.7500e+05, 6.9721e-03
1.8000e+05, 6.9522e-03
1.8500e+05, 6.9323e-03
1.9000e+05, 6.9125e-03
1.9500e+05, 6.8926e-03
2.0000e+05, 6.8727e-03
2.1000e+05, 6.8329e-03
2.3000e+05, 6.7534e-03
2.4000e+05, 6.7137e-03
2.5000e+05, 6.6739e-03
2.6000e+05, 6.6341e-03
2.7000e+05, 6.5944e-03
2.8000e+05, 6.5648e-03
2.9000e+05, 6.5353e-03
3.0000e+05, 6.5057e-03
3.1000e+05, 6.4875e-03
3.2000e+05, 6.4693e-03
3.3000e+05, 6.4512e-03
3.4000e+05, 6.4330e-03
3.5000e+05, 6.4232e-03
3.6000e+05, 6.4134e-03
3.7000e+05, 6.4036e-03
3.8000e+05, 6.3938e-03
3.9000e+05, 6.3840e-03
4.0000e+05, 6.3829e-03
4.1000e+05, 6.3682e-03
4.2000e+05, 6.3535e-03
4.3000e+05, 6.3470e-03
4.4000e+05, 6.3405e-03
4.5000e+05, 6.3339e-03
4.6000e+05, 6.3274e-03
4.7000e+05, 6.3209e-03
4.8000e+05, 6.3144e-03
4.9000e+05, 6.3079e-03
5.0000e+05, 6.3014e-03
5.2000e+05, 6.2884e-03
5.3000e+05, 6.2875e-03
5.4000e+05, 6.2866e-03
5.5000e+05, 6.2857e-03
5.6000e+05, 6.2847e-03
5.7000e+05, 6.2838e-03
5.8000e+05, 6.2829e-03
6.0000e+05, 6.2911e-03
6.2000e+05, 6.2993e-03
6.4000e+05, 6.3075e-03
6.6000e+05, 6.3260e-03
6.8000e+05, 6.3446e-03
7.0000e+05, 6.3767e-03
7.2000e+05, 6.4089e-03
7.4000e+05, 6.4410e-03
7.6000e+05, 6.4732e-03
7.7000e+05, 6.4892e-03
7.8000e+05, 6.5087e-03
8.0000e+05, 6.5717e-03
8.2000e+05, 6.6222e-03
8.4000e+05, 6.6726e-03
8.6000e+05, 6.7231e-03
8.8000e+05, 6.7877e-03
9.4000e+05, 6.9815e-03
9.6000e+05, 7.0460e-03
1.0000e+06, 7.1991e-03
1.0500e+06, 7.4164e-03
1.1000e+06, 7.6336e-03
1.1500e+06, 7.8894e-03
1.1880e+06, 8.0837e-03
1.1880e+06, 8.0838e-03
1.2000e+06, 8.1451e-03
1.2183e+06, 8.2481e-03
1.2500e+06, 8.4265e-03
1.3000e+06, 8.7325e-03
1.3140e+06, 8.8182e-03
1.3500e+06, 9.0385e-03
1.3950e+06, 9.3430e-03
1.4000e+06, 9.3768e-03
1.4500e+06, 9.7346e-03
1.4761e+06, 9.9214e-03
1.5000e+06, 1.0113e-02
1.5148e+06, 1.0232e-02
1.5300e+06, 1.0353e-02
1.6000e+06, 1.0867e-02
1.7196e+06, 1.1972e-02
1.7805e+06, 1.2535e-02
1.7805e+06, 1.2535e-02
1.8000e+06, 1.2716e-02
1.9000e+06, 1.3438e-02
2.0000e+06, 1.4369e-02
2.0730e+06, 1.5048e-02
2.2041e+06, 1.4332e-02
2.2108e+06, 1.4296e-02
2.2108e+06, 1.4296e-02
2.2860e+06, 1.3885e-02
2.3000e+06, 1.3773e-02
2.3001e+06, 1.3767e-02
2.3450e+06, 1.1250e-02
2.3450e+06, 1.1250e-02
2.4000e+06, 8.1683e-03
2.4790e+06, 7.3295e-03
2.5000e+06, 7.1067e-03
2.5734e+06, 6.8856e-03
2.6000e+06, 6.8056e-03
2.7178e+06, 6.3541e-03
2.7400e+06, 6.2693e-03
2.7700e+06, 6.1542e-03
2.7700e+06, 6.1542e-03
2.7787e+06, 6.1209e-03
2.8276e+06, 5.9337e-03
2.9000e+06, 5.6563e-03
2.9013e+06, 5.6540e-03
2.9473e+06, 5.5773e-03
3.0000e+06, 5.4894e-03
3.0942e+06, 5.3074e-03
3.1114e+06, 5.2742e-03
3.1115e+06, 5.2742e-03
3.2000e+06, 5.1032e-03
3.3459e+06, 4.8507e-03
3.3459e+06, 4.8507e-03
3.4000e+06, 4.7572e-03
3.4869e+06, 4.6599e-03
3.4869e+06, 4.6599e-03
3.5969e+06, 4.5369e-03
3.5969e+06, 4.5369e-03
3.6000e+06, 4.5334e-03
3.8000e+06, 4.5572e-03
4.0000e+06, 4.6055e-03
4.2000e+06, 4.2499e-03
4.4000e+06, 3.9278e-03
4.5000e+06, 3.7123e-03
4.6000e+06, 3.5629e-03
4.8000e+06, 3.3117e-03
5.0000e+06, 3.1894e-03
5.2000e+06, 3.0162e-03
5.4000e+06, 3.0082e-03
5.5000e+06, 3.0694e-03
5.6000e+06, 3.0144e-03
5.8000e+06, 3.0443e-03
6.0000e+06, 3.0166e-03
6.1998e+06, 2.9037e-03
6.7458e+06, 2.5952e-03
6.8000e+06, 2.5646e-03
7.0000e+06, 2.3600e-03
7.1190e+06, 2.2541e-03
7.1190e+06, 2.2541e-03
7.2700e+06, 2.1196e-03
7.7500e+06, 1.8940e-03
7.7500e+06, 1.8940e-03
8.0000e+06, 1.7765e-03
8.3123e+06, 1.7180e-03
8.6000e+06, 1.6642e-03
9.0000e+06, 1.5185e-03
9.5000e+06, 1.3365e-03
1.0000e+07, 1.2231e-03
1.0200e+07, 1.1803e-03
1.1000e+07, 1.0686e-03
1.1477e+07, 9.9423e-04
1.1600e+07, 9.7512e-04
1.2000e+07, 9.6727e-04
1.2104e+07, 9.6612e-04
1.2400e+07, 9.6289e-04
1.2699e+07, 9.6357e-04
1.2699e+07, 9.6357e-04
1.3000e+07, 9.6425e-04
1.3500e+07, 9.7479e-04
1.4000e+07, 9.5616e-04
1.4500e+07, 9.3211e-04
1.5000e+07, 8.9188e-04
1.6000e+07, 7.8025e-04
1.7000e+07, 6.4970e-04
1.8000e+07, 4.8566e-04
1.9000e+07, 3.6365e-04
2.0000e+07, 2.4527e-04
