ebin, xs
1.0000e-05, 1.1489e+00
1.0625e-05, 1.1146e+00
1.1250e-05, 1.0832e+00
1.1875e-05, 1.0543e+00
1.2500e-05, 1.0276e+00
1.3750e-05, 9.7982e-01
1.5000e-05, 9.3810e-01
1.6250e-05, 9.0130e-01
1.7500e-05, 8.6851e-01
1.8750e-05, 8.3906e-01
2.0000e-05, 8.1242e-01
2.1875e-05, 7.7682e-01
2.3750e-05, 7.4553e-01
2.5625e-05, 7.1774e-01
2.7500e-05, 6.9283e-01
2.9375e-05, 6.7036e-01
3.1250e-05, 6.4994e-01
3.3125e-05, 6.3127e-01
3.5000e-05, 6.1413e-01
3.8750e-05, 5.8366e-01
4.2500e-05, 5.5732e-01
4.6250e-05, 5.3424e-01
5.0000e-05, 5.1382e-01
5.3125e-05, 4.9848e-01
5.6250e-05, 4.8443e-01
5.9375e-05, 4.7151e-01
6.2500e-05, 4.5957e-01
6.8750e-05, 4.3819e-01
7.5000e-05, 4.1953e-01
8.1250e-05, 4.0307e-01
8.7500e-05, 3.8841e-01
9.3750e-05, 3.7524e-01
1.0000e-04, 3.6333e-01
1.0625e-04, 3.5248e-01
1.1250e-04, 3.4255e-01
1.1875e-04, 3.3341e-01
1.2500e-04, 3.2497e-01
1.3750e-04, 3.0985e-01
1.5000e-04, 2.9665e-01
1.6250e-04, 2.8502e-01
1.7500e-04, 2.7465e-01
1.8750e-04, 2.6534e-01
2.0000e-04, 2.5691e-01
2.1875e-04, 2.4565e-01
2.3750e-04, 2.3576e-01
2.5625e-04, 2.2697e-01
2.7500e-04, 2.1909e-01
2.9375e-04, 2.1199e-01
3.1250e-04, 2.0553e-01
3.3125e-04, 1.9963e-01
3.5000e-04, 1.9421e-01
3.8750e-04, 1.8457e-01
4.2500e-04, 1.7624e-01
4.6250e-04, 1.6894e-01
5.0000e-04, 1.6248e-01
5.3125e-04, 1.5763e-01
5.6250e-04, 1.5319e-01
5.9375e-04, 1.4911e-01
6.2500e-04, 1.4533e-01
6.8750e-04, 1.3857e-01
7.5000e-04, 1.3267e-01
8.1250e-04, 1.2746e-01
8.7500e-04, 1.2283e-01
9.3750e-04, 1.1866e-01
1.0000e-03, 1.1490e-01
1.0625e-03, 1.1146e-01
1.1250e-03, 1.0832e-01
1.1875e-03, 1.0544e-01
1.2500e-03, 1.0277e-01
1.3750e-03, 9.7984e-02
1.5000e-03, 9.3813e-02
1.6250e-03, 9.0133e-02
1.7500e-03, 8.6854e-02
1.8750e-03, 8.3909e-02
2.0000e-03, 8.1245e-02
2.1875e-03, 7.7686e-02
2.3750e-03, 7.4556e-02
2.5625e-03, 7.1777e-02
2.7500e-03, 6.9288e-02
2.9375e-03, 6.7040e-02
3.1250e-03, 6.4998e-02
3.3125e-03, 6.3132e-02
3.5000e-03, 6.1418e-02
3.8750e-03, 5.8371e-02
4.2500e-03, 5.5737e-02
4.6250e-03, 5.3429e-02
5.0000e-03, 5.1387e-02
5.3125e-03, 4.9853e-02
5.6250e-03, 4.8448e-02
5.9375e-03, 4.7156e-02
6.2500e-03, 4.5963e-02
6.8750e-03, 4.3824e-02
7.5000e-03, 4.1958e-02
8.1250e-03, 4.0312e-02
8.7500e-03, 3.8846e-02
9.3750e-03, 3.7529e-02
1.0000e-02, 3.6337e-02
1.0625e-02, 3.5253e-02
1.1250e-02, 3.4260e-02
1.1875e-02, 3.3347e-02
1.2500e-02, 3.2504e-02
1.3750e-02, 3.0992e-02
1.5000e-02, 2.9673e-02
1.6250e-02, 2.8509e-02
1.7500e-02, 2.7472e-02
1.8750e-02, 2.6541e-02
2.0000e-02, 2.5698e-02
2.1325e-02, 2.4887e-02
2.2650e-02, 2.4148e-02
2.3975e-02, 2.3473e-02
2.5300e-02, 2.2851e-02
2.6844e-02, 2.2186e-02
2.8387e-02, 2.1576e-02
3.1475e-02, 2.0493e-02
3.4563e-02, 1.9557e-02
3.7650e-02, 1.8738e-02
4.0738e-02, 1.8014e-02
4.3825e-02, 1.7368e-02
4.6913e-02, 1.6787e-02
5.0000e-02, 1.6261e-02
5.3125e-02, 1.5776e-02
5.6250e-02, 1.5333e-02
5.9375e-02, 1.4925e-02
6.2500e-02, 1.4549e-02
6.8750e-02, 1.3875e-02
7.5000e-02, 1.3285e-02
8.1250e-02, 1.2765e-02
8.7500e-02, 1.2301e-02
9.3750e-02, 1.1885e-02
1.0000e-01, 1.1508e-02
1.0625e-01, 1.1165e-02
1.1250e-01, 1.0852e-02
1.1875e-01, 1.0564e-02
1.2500e-01, 1.0299e-02
1.3750e-01, 9.8230e-03
1.5000e-01, 9.4063e-03
1.6250e-01, 9.0387e-03
1.7500e-01, 8.7114e-03
1.8750e-01, 8.4177e-03
2.0000e-01, 8.1528e-03
2.1875e-01, 7.7987e-03
2.3750e-01, 7.4865e-03
2.5625e-01, 7.2093e-03
2.7500e-01, 6.9612e-03
2.9375e-01, 6.7373e-03
3.1250e-01, 6.5340e-03
3.3125e-01, 6.3485e-03
3.5000e-01, 6.1793e-03
3.8750e-01, 5.8774e-03
4.2500e-01, 5.6153e-03
5.0000e-01, 5.1842e-03
6.2500e-01, 4.6470e-03
7.5000e-01, 4.2507e-03
8.7500e-01, 3.9445e-03
1.0000e+00, 3.6983e-03
1.2500e+00, 3.3216e-03
1.5000e+00, 3.0450e-03
1.7500e+00, 2.8316e-03
2.0000e+00, 2.6603e-03
2.3750e+00, 2.4571e-03
2.7500e+00, 2.2985e-03
3.1250e+00, 2.1700e-03
3.5000e+00, 2.0637e-03
4.2500e+00, 1.8970e-03
5.0000e+00, 1.7716e-03
6.2500e+00, 1.6189e-03
7.5000e+00, 1.5097e-03
8.7500e+00, 1.4278e-03
1.0000e+01, 1.3642e-03
1.2500e+01, 1.2726e-03
1.5000e+01, 1.2114e-03
1.7500e+01, 1.1692e-03
2.0000e+01, 1.1399e-03
2.3750e+01, 1.1125e-03
2.7500e+01, 1.0991e-03
3.1250e+01, 1.0955e-03
3.5000e+01, 1.0996e-03
4.2500e+01, 1.1248e-03
5.0000e+01, 1.1680e-03
6.2500e+01, 1.2720e-03
7.5000e+01, 1.4133e-03
8.7500e+01, 1.5943e-03
1.0000e+02, 1.8212e-03
1.1250e+02, 2.1045e-03
1.2500e+02, 2.4594e-03
1.3125e+02, 2.6702e-03
1.3750e+02, 2.9082e-03
1.4375e+02, 3.1775e-03
1.5000e+02, 3.4836e-03
1.5625e+02, 3.8329e-03
1.6250e+02, 4.2336e-03
1.6875e+02, 4.6959e-03
1.7500e+02, 5.2323e-03
1.8125e+02, 5.8591e-03
1.8750e+02, 6.5972e-03
1.9375e+02, 7.4737e-03
2.0000e+02, 8.5245e-03
2.0551e+02, 9.6423e-03
2.1102e+02, 1.0985e-02
2.1653e+02, 1.2606e-02
2.1929e+02, 1.3490e-02
2.2205e+02, 1.4518e-02
2.2756e+02, 1.6957e-02
2.3307e+02, 2.0030e-02
2.3582e+02, 2.1868e-02
2.3858e+02, 2.3954e-02
2.4134e+02, 2.6335e-02
2.4409e+02, 2.9081e-02
2.4744e+02, 3.3032e-02
2.5078e+02, 3.7822e-02
2.5413e+02, 4.3703e-02
2.5748e+02, 5.1024e-02
2.5915e+02, 5.5328e-02
2.6082e+02, 6.0291e-02
2.6250e+02, 6.5731e-02
2.6417e+02, 7.1941e-02
2.6584e+02, 7.9184e-02
2.6751e+02, 8.7553e-02
2.6919e+02, 9.7296e-02
2.7086e+02, 1.0873e-01
2.7263e+02, 1.2315e-01
2.7440e+02, 1.4060e-01
2.7618e+02, 1.6197e-01
2.7706e+02, 1.7436e-01
2.7795e+02, 1.8850e-01
2.7883e+02, 2.0406e-01
2.7972e+02, 2.2195e-01
2.8060e+02, 2.4200e-01
2.8149e+02, 2.6490e-01
2.8238e+02, 2.9060e-01
2.8326e+02, 3.2086e-01
2.8415e+02, 3.5611e-01
2.8503e+02, 3.9743e-01
2.8597e+02, 4.4929e-01
2.8690e+02, 5.1191e-01
2.8784e+02, 5.8849e-01
2.8877e+02, 6.8347e-01
2.8971e+02, 8.0330e-01
2.9018e+02, 8.7535e-01
2.9064e+02, 9.5738e-01
2.9111e+02, 1.0508e+00
2.9158e+02, 1.1579e+00
2.9205e+02, 1.2833e+00
2.9251e+02, 1.4306e+00
2.9301e+02, 1.6150e+00
2.9350e+02, 1.8373e+00
2.9399e+02, 2.1089e+00
2.9448e+02, 2.4455e+00
2.9497e+02, 2.8696e+00
2.9522e+02, 3.1243e+00
2.9547e+02, 3.4140e+00
2.9571e+02, 3.7455e+00
2.9596e+02, 4.1268e+00
2.9620e+02, 4.5697e+00
2.9645e+02, 5.0892e+00
2.9672e+02, 5.7725e+00
2.9699e+02, 6.6056e+00
2.9726e+02, 7.6353e+00
2.9753e+02, 8.9290e+00
2.9767e+02, 9.7050e+00
2.9780e+02, 1.0588e+01
2.9794e+02, 1.1598e+01
2.9807e+02, 1.2763e+01
2.9821e+02, 1.4116e+01
2.9834e+02, 1.5701e+01
2.9848e+02, 1.7577e+01
2.9862e+02, 1.9825e+01
2.9875e+02, 2.2557e+01
2.9889e+02, 2.5929e+01
2.9902e+02, 3.0178e+01
2.9909e+02, 3.2739e+01
2.9916e+02, 3.5667e+01
2.9922e+02, 3.9051e+01
2.9929e+02, 4.2985e+01
2.9936e+02, 4.7617e+01
2.9943e+02, 5.3110e+01
2.9949e+02, 5.9708e+01
2.9956e+02, 6.7685e+01
2.9963e+02, 7.7440e+01
2.9970e+02, 8.9408e+01
2.9977e+02, 1.0571e+02
2.9981e+02, 1.1537e+02
2.9985e+02, 1.2620e+02
2.9988e+02, 1.3834e+02
2.9992e+02, 1.5191e+02
2.9996e+02, 1.6707e+02
2.9999e+02, 1.8393e+02
3.0007e+02, 2.2334e+02
3.0014e+02, 2.7108e+02
3.0021e+02, 3.2777e+02
3.0029e+02, 3.9352e+02
3.0039e+02, 4.9411e+02
3.0048e+02, 6.0564e+02
3.0068e+02, 8.3056e+02
3.0076e+02, 9.0720e+02
3.0084e+02, 9.6689e+02
3.0092e+02, 1.0048e+03
3.0100e+02, 1.0176e+03
3.0108e+02, 1.0045e+03
3.0116e+02, 9.6653e+02
3.0124e+02, 9.0700e+02
3.0132e+02, 8.3081e+02
3.0151e+02, 6.0927e+02
3.0161e+02, 4.9912e+02
3.0171e+02, 3.9945e+02
3.0179e+02, 3.2382e+02
3.0183e+02, 2.9049e+02
3.0188e+02, 2.6023e+02
3.0192e+02, 2.3283e+02
3.0196e+02, 2.0829e+02
3.0200e+02, 1.8634e+02
3.0205e+02, 1.6690e+02
3.0209e+02, 1.4967e+02
3.0213e+02, 1.3449e+02
3.0217e+02, 1.2115e+02
3.0221e+02, 1.0947e+02
3.0226e+02, 9.9216e+01
3.0230e+02, 9.0248e+01
3.0234e+02, 8.2366e+01
3.0238e+02, 7.5462e+01
3.0246e+02, 6.5479e+01
3.0253e+02, 5.7402e+01
3.0260e+02, 5.0802e+01
3.0268e+02, 4.5347e+01
3.0275e+02, 4.0786e+01
3.0282e+02, 3.6930e+01
3.0289e+02, 3.3635e+01
3.0297e+02, 3.0791e+01
3.0304e+02, 2.8316e+01
3.0311e+02, 2.6144e+01
3.0326e+02, 2.2522e+01
3.0340e+02, 1.9632e+01
3.0355e+02, 1.7284e+01
3.0368e+02, 1.5491e+01
3.0382e+02, 1.3969e+01
3.0395e+02, 1.2665e+01
3.0408e+02, 1.1539e+01
3.0422e+02, 1.0558e+01
3.0435e+02, 9.6995e+00
3.0462e+02, 8.2722e+00
3.0488e+02, 7.1414e+00
3.0515e+02, 6.2304e+00
3.0542e+02, 5.4855e+00
3.0568e+02, 4.8688e+00
3.0594e+02, 4.3739e+00
3.0619e+02, 3.9514e+00
3.0645e+02, 3.5871e+00
3.0670e+02, 3.2707e+00
3.0696e+02, 2.9943e+00
3.0721e+02, 2.7517e+00
3.0772e+02, 2.3477e+00
3.0823e+02, 2.0271e+00
3.0874e+02, 1.7683e+00
3.0925e+02, 1.5563e+00
3.0976e+02, 1.3806e+00
3.1025e+02, 1.2400e+00
3.1073e+02, 1.1209e+00
3.1122e+02, 1.0178e+00
3.1170e+02, 9.2785e-01
3.1219e+02, 8.4930e-01
3.1267e+02, 7.8040e-01
3.1364e+02, 6.6570e-01
3.1461e+02, 5.7471e-01
3.1559e+02, 5.0130e-01
3.1656e+02, 4.4121e-01
3.1753e+02, 3.9139e-01
3.1845e+02, 3.5154e-01
3.1937e+02, 3.1758e-01
3.2029e+02, 2.8889e-01
3.2121e+02, 2.6344e-01
3.2214e+02, 2.4137e-01
3.2306e+02, 2.2172e-01
3.2490e+02, 1.8935e-01
3.2675e+02, 1.6366e-01
3.2859e+02, 1.4289e-01
3.3044e+02, 1.2586e-01
3.3228e+02, 1.1174e-01
3.3364e+02, 1.0285e-01
3.3500e+02, 9.4996e-02
3.3771e+02, 8.1797e-02
3.4043e+02, 7.1424e-02
3.4179e+02, 6.6727e-02
3.4315e+02, 6.2753e-02
3.4587e+02, 5.5577e-02
3.4859e+02, 4.9575e-02
3.5130e+02, 4.4515e-02
3.5402e+02, 4.0224e-02
3.5693e+02, 3.6307e-02
3.5984e+02, 3.2952e-02
3.6276e+02, 3.0055e-02
3.6567e+02, 2.7533e-02
3.6858e+02, 2.5324e-02
3.7149e+02, 2.3378e-02
3.7440e+02, 2.1654e-02
3.7732e+02, 2.0162e-02
3.8314e+02, 1.7539e-02
3.8896e+02, 1.5413e-02
3.9479e+02, 1.3667e-02
4.0061e+02, 1.2216e-02
4.0682e+02, 1.0921e-02
4.1303e+02, 9.8307e-03
4.1925e+02, 8.9030e-03
4.2546e+02, 8.1070e-03
4.3167e+02, 7.4186e-03
4.3788e+02, 6.8200e-03
4.5031e+02, 5.8316e-03
4.6273e+02, 5.0540e-03
4.7515e+02, 4.4311e-03
4.8758e+02, 3.9240e-03
5.0000e+02, 3.5051e-03
5.1155e+02, 3.1776e-03
5.2309e+02, 2.8976e-03
5.3463e+02, 2.6562e-03
5.4618e+02, 2.4466e-03
5.6927e+02, 2.1015e-03
5.9236e+02, 1.8308e-03
6.1834e+02, 1.5920e-03
6.4431e+02, 1.4019e-03
6.7029e+02, 1.2478e-03
6.9626e+02, 1.1214e-03
7.2224e+02, 1.0170e-03
7.4822e+02, 9.3096e-04
7.7419e+02, 8.6218e-04
8.0017e+02, 8.1523e-04
8.1640e+02, 8.1502e-04
8.3264e+02, 8.5500e-04
8.4076e+02, 9.5971e-04
8.4888e+02, 1.1717e-03
8.5293e+02, 1.4114e-03
8.5699e+02, 1.9861e-03
8.5902e+02, 2.5975e-03
8.6105e+02, 3.5807e-03
8.6207e+02, 4.4587e-03
8.6308e+02, 5.8084e-03
8.6410e+02, 7.9873e-03
8.6511e+02, 1.2097e-02
8.6553e+02, 1.4904e-02
8.6594e+02, 1.8984e-02
8.6636e+02, 2.5516e-02
8.6657e+02, 3.0686e-02
8.6678e+02, 3.8612e-02
8.6699e+02, 5.2205e-02
8.6709e+02, 6.2886e-02
8.6720e+02, 7.7754e-02
8.6730e+02, 9.8613e-02
8.6740e+02, 1.2791e-01
8.6751e+02, 1.6887e-01
8.6761e+02, 2.2551e-01
8.6772e+02, 3.0294e-01
8.6782e+02, 4.0693e-01
8.6787e+02, 4.7095e-01
8.6793e+02, 5.4392e-01
8.6798e+02, 6.2695e-01
8.6803e+02, 7.2055e-01
8.6808e+02, 8.2583e-01
8.6813e+02, 9.4309e-01
8.6819e+02, 1.0733e+00
8.6824e+02, 1.2166e+00
8.6834e+02, 1.5439e+00
8.6845e+02, 1.9245e+00
8.6853e+02, 2.2581e+00
8.6861e+02, 2.6176e+00
8.6877e+02, 3.3903e+00
8.6894e+02, 4.1733e+00
8.6910e+02, 4.8769e+00
8.6920e+02, 5.2316e+00
8.6930e+02, 5.4983e+00
8.6943e+02, 5.6826e+00
8.6950e+02, 5.7113e+00
8.6959e+02, 5.6622e+00
8.6966e+02, 5.5729e+00
8.6967e+02, 5.5439e+00
8.6970e+02, 5.4777e+00
8.6982e+02, 5.1438e+00
8.6994e+02, 4.6958e+00
8.7010e+02, 3.9811e+00
8.7026e+02, 3.2140e+00
8.7042e+02, 2.4738e+00
8.7050e+02, 2.1330e+00
8.7058e+02, 1.8187e+00
8.7068e+02, 1.4807e+00
8.7077e+02, 1.1882e+00
8.7082e+02, 1.0588e+00
8.7087e+02, 9.4049e-01
8.7091e+02, 8.3284e-01
8.7096e+02, 7.3562e-01
8.7101e+02, 6.4792e-01
8.7106e+02, 5.6935e-01
8.7115e+02, 4.3730e-01
8.7125e+02, 3.3420e-01
8.7134e+02, 2.5502e-01
8.7144e+02, 1.9506e-01
8.7154e+02, 1.5033e-01
8.7163e+02, 1.1721e-01
8.7173e+02, 9.2913e-02
8.7182e+02, 7.5091e-02
8.7192e+02, 6.2022e-02
8.7211e+02, 4.5120e-02
8.7230e+02, 3.5306e-02
8.7249e+02, 2.9087e-02
8.7287e+02, 2.1533e-02
8.7325e+02, 1.6926e-02
8.7364e+02, 1.3778e-02
8.7434e+02, 1.0031e-02
8.7504e+02, 7.6828e-03
8.7644e+02, 5.0136e-03
8.7784e+02, 3.6471e-03
8.7924e+02, 2.8445e-03
8.8204e+02, 1.9500e-03
8.8485e+02, 1.5212e-03
8.9045e+02, 1.0771e-03
8.9606e+02, 8.9944e-04
9.0727e+02, 7.3954e-04
9.1848e+02, 6.5240e-04
9.3478e+02, 5.9343e-04
9.6739e+02, 5.2868e-04
1.0000e+03, 4.8612e-04
1.0625e+03, 4.2665e-04
1.1250e+03, 3.8202e-04
1.2500e+03, 3.1778e-04
1.3750e+03, 2.7413e-04
1.5000e+03, 2.4342e-04
1.7500e+03, 2.0609e-04
2.0000e+03, 1.8943e-04
2.1135e+03, 1.8700e-04
2.3689e+03, 1.9277e-04
2.6243e+03, 2.1635e-04
2.8796e+03, 2.6804e-04
3.0073e+03, 3.1167e-04
3.1350e+03, 3.7745e-04
3.2911e+03, 5.1425e-04
3.3691e+03, 6.2332e-04
3.4471e+03, 7.8681e-04
3.5003e+03, 9.5323e-04
3.5535e+03, 1.2001e-03
3.6067e+03, 1.5940e-03
3.6333e+03, 1.8995e-03
3.6599e+03, 2.3397e-03
3.6803e+03, 2.8323e-03
3.7007e+03, 3.5691e-03
3.7211e+03, 4.7657e-03
3.7313e+03, 5.6729e-03
3.7415e+03, 6.9388e-03
3.7508e+03, 8.6201e-03
3.7601e+03, 1.1149e-02
3.7648e+03, 1.2929e-02
3.7695e+03, 1.5235e-02
3.7741e+03, 1.8308e-02
3.7788e+03, 2.2474e-02
3.7834e+03, 2.8475e-02
3.7858e+03, 3.2496e-02
3.7881e+03, 3.7490e-02
3.7904e+03, 4.3807e-02
3.7927e+03, 5.1953e-02
3.7951e+03, 6.2696e-02
3.7974e+03, 7.7209e-02
3.7986e+03, 8.7025e-02
3.7998e+03, 9.8919e-02
3.8010e+03, 1.1351e-01
3.8023e+03, 1.3166e-01
3.8035e+03, 1.5468e-01
3.8047e+03, 1.8440e-01
3.8053e+03, 2.0264e-01
3.8059e+03, 2.2372e-01
3.8065e+03, 2.4834e-01
3.8071e+03, 2.7723e-01
3.8078e+03, 3.1500e-01
3.8085e+03, 3.6119e-01
3.8091e+03, 4.1851e-01
3.8098e+03, 4.9088e-01
3.8101e+03, 5.3446e-01
3.8105e+03, 5.8397e-01
3.8108e+03, 6.4085e-01
3.8111e+03, 7.0619e-01
3.8115e+03, 7.8209e-01
3.8118e+03, 8.7022e-01
3.8121e+03, 9.7369e-01
3.8125e+03, 1.0950e+00
3.8129e+03, 1.2645e+00
3.8132e+03, 1.4703e+00
3.8136e+03, 1.7196e+00
3.8140e+03, 2.0193e+00
3.8144e+03, 2.3749e+00
3.8148e+03, 2.7885e+00
3.8152e+03, 3.2565e+00
3.8156e+03, 3.7663e+00
3.8162e+03, 4.6026e+00
3.8168e+03, 5.3672e+00
3.8171e+03, 5.6760e+00
3.8174e+03, 5.9113e+00
3.8177e+03, 6.0586e+00
3.8180e+03, 6.1085e+00
3.8184e+03, 6.0210e+00
3.8188e+03, 5.7697e+00
3.8192e+03, 5.3820e+00
3.8196e+03, 4.8983e+00
3.8204e+03, 3.8098e+00
3.8208e+03, 3.2811e+00
3.8212e+03, 2.7983e+00
3.8216e+03, 2.3560e+00
3.8220e+03, 1.9810e+00
3.8224e+03, 1.6692e+00
3.8229e+03, 1.4136e+00
3.8233e+03, 1.2051e+00
3.8237e+03, 1.0362e+00
3.8241e+03, 8.9853e-01
3.8245e+03, 7.8567e-01
3.8249e+03, 6.9611e-01
3.8253e+03, 6.2108e-01
3.8257e+03, 5.5737e-01
3.8261e+03, 5.0312e-01
3.8265e+03, 4.5634e-01
3.8269e+03, 4.1592e-01
3.8277e+03, 3.4974e-01
3.8285e+03, 2.9824e-01
3.8293e+03, 2.5745e-01
3.8301e+03, 2.2459e-01
3.8309e+03, 1.9779e-01
3.8316e+03, 1.7656e-01
3.8324e+03, 1.5866e-01
3.8331e+03, 1.4339e-01
3.8339e+03, 1.3026e-01
3.8354e+03, 1.0893e-01
3.8369e+03, 9.2537e-02
3.8384e+03, 7.9680e-02
3.8399e+03, 6.9413e-02
3.8414e+03, 6.1084e-02
3.8429e+03, 5.4237e-02
3.8458e+03, 4.4216e-02
3.8487e+03, 3.6929e-02
3.8515e+03, 3.1397e-02
3.8544e+03, 2.7136e-02
3.8573e+03, 2.3792e-02
3.8602e+03, 2.1123e-02
3.8659e+03, 1.7194e-02
3.8734e+03, 1.3861e-02
3.8810e+03, 1.1712e-02
3.8885e+03, 1.0289e-02
3.8961e+03, 9.3456e-03
3.9036e+03, 8.7252e-03
3.9112e+03, 8.3650e-03
3.9263e+03, 8.0742e-03
3.9384e+03, 8.2275e-03
3.9505e+03, 8.6537e-03
3.9625e+03, 9.3415e-03
3.9746e+03, 1.0327e-02
3.9867e+03, 1.1694e-02
3.9988e+03, 1.3534e-02
4.0108e+03, 1.5993e-02
4.0229e+03, 1.9339e-02
4.0296e+03, 2.1751e-02
4.0362e+03, 2.4686e-02
4.0429e+03, 2.8311e-02
4.0495e+03, 3.2859e-02
4.0561e+03, 3.8633e-02
4.0628e+03, 4.6164e-02
4.0661e+03, 5.0784e-02
4.0694e+03, 5.6190e-02
4.0728e+03, 6.2500e-02
4.0761e+03, 6.9817e-02
4.0794e+03, 7.8583e-02
4.0827e+03, 8.9224e-02
4.0860e+03, 1.0220e-01
4.0894e+03, 1.1826e-01
4.0927e+03, 1.3843e-01
4.0944e+03, 1.5052e-01
4.0960e+03, 1.6427e-01
4.0977e+03, 1.8000e-01
4.0993e+03, 1.9810e-01
4.1010e+03, 2.1907e-01
4.1027e+03, 2.4352e-01
4.1045e+03, 2.7497e-01
4.1063e+03, 3.1279e-01
4.1081e+03, 3.5930e-01
4.1099e+03, 4.1712e-01
4.1117e+03, 4.9006e-01
4.1126e+03, 5.3387e-01
4.1135e+03, 5.8379e-01
4.1144e+03, 6.4099e-01
4.1153e+03, 7.0694e-01
4.1162e+03, 7.8348e-01
4.1172e+03, 8.7290e-01
4.1181e+03, 9.8776e-01
4.1191e+03, 1.1260e+00
4.1201e+03, 1.2949e+00
4.1211e+03, 1.5038e+00
4.1221e+03, 1.7665e+00
4.1226e+03, 1.9235e+00
4.1230e+03, 2.1011e+00
4.1235e+03, 2.3034e+00
4.1240e+03, 2.5345e+00
4.1245e+03, 2.7995e+00
4.1250e+03, 3.1035e+00
4.1254e+03, 3.3950e+00
4.1258e+03, 3.7232e+00
4.1262e+03, 4.0949e+00
4.1266e+03, 4.5136e+00
4.1271e+03, 4.9868e+00
4.1275e+03, 5.5172e+00
4.1279e+03, 6.1116e+00
4.1283e+03, 6.7693e+00
4.1291e+03, 8.2731e+00
4.1299e+03, 9.9649e+00
4.1308e+03, 1.1680e+01
4.1316e+03, 1.3157e+01
4.1323e+03, 1.4004e+01
4.1326e+03, 1.4227e+01
4.1330e+03, 1.4302e+01
4.1337e+03, 1.4016e+01
4.1344e+03, 1.3216e+01
4.1350e+03, 1.2036e+01
4.1357e+03, 1.0645e+01
4.1371e+03, 7.8494e+00
4.1378e+03, 6.6386e+00
4.1385e+03, 5.6036e+00
4.1389e+03, 5.0507e+00
4.1393e+03, 4.5612e+00
4.1397e+03, 4.1273e+00
4.1401e+03, 3.7454e+00
4.1406e+03, 3.4076e+00
4.1410e+03, 3.1100e+00
4.1414e+03, 2.8461e+00
4.1418e+03, 2.6126e+00
4.1427e+03, 2.2195e+00
4.1435e+03, 1.9051e+00
4.1444e+03, 1.6508e+00
4.1452e+03, 1.4428e+00
4.1458e+03, 1.3109e+00
4.1465e+03, 1.1961e+00
4.1471e+03, 1.0955e+00
4.1477e+03, 1.0069e+00
4.1490e+03, 8.5872e-01
4.1503e+03, 7.4082e-01
4.1515e+03, 6.4545e-01
4.1528e+03, 5.6750e-01
4.1541e+03, 5.0292e-01
4.1553e+03, 4.4873e-01
4.1565e+03, 4.0621e-01
4.1576e+03, 3.6940e-01
4.1588e+03, 3.3735e-01
4.1600e+03, 3.0928e-01
4.1623e+03, 2.6273e-01
4.1646e+03, 2.2594e-01
4.1669e+03, 1.9637e-01
4.1692e+03, 1.7226e-01
4.1715e+03, 1.5236e-01
4.1739e+03, 1.3584e-01
4.1762e+03, 1.2191e-01
4.1785e+03, 1.0990e-01
4.1808e+03, 9.9577e-02
4.1831e+03, 9.0657e-02
4.1855e+03, 8.2885e-02
4.1878e+03, 7.6076e-02
4.1924e+03, 6.4774e-02
4.1970e+03, 5.5827e-02
4.2017e+03, 4.8628e-02
4.2063e+03, 4.2749e-02
4.2110e+03, 3.7884e-02
4.2152e+03, 3.4156e-02
4.2194e+03, 3.1018e-02
4.2278e+03, 2.5853e-02
4.2362e+03, 2.1871e-02
4.2447e+03, 1.8755e-02
4.2531e+03, 1.6285e-02
4.2615e+03, 1.4284e-02
4.2700e+03, 1.2632e-02
4.2784e+03, 1.1258e-02
4.2944e+03, 9.2237e-03
4.3104e+03, 7.7194e-03
4.3264e+03, 6.5595e-03
4.3425e+03, 5.6642e-03
4.3745e+03, 4.3703e-03
4.4065e+03, 3.4999e-03
4.4402e+03, 2.8771e-03
4.4740e+03, 2.4269e-03
4.5077e+03, 2.0931e-03
4.5414e+03, 1.8426e-03
4.6089e+03, 1.5166e-03
4.6763e+03, 1.3275e-03
4.7302e+03, 1.2464e-03
4.7842e+03, 1.2127e-03
4.8921e+03, 1.2756e-03
4.9460e+03, 1.3815e-03
5.0000e+03, 1.5564e-03
5.0538e+03, 1.8310e-03
5.1076e+03, 2.2666e-03
5.1345e+03, 2.5788e-03
5.1614e+03, 2.9868e-03
5.1883e+03, 3.5325e-03
5.2152e+03, 4.2825e-03
5.2387e+03, 5.1992e-03
5.2622e+03, 6.4957e-03
5.2858e+03, 8.3745e-03
5.2916e+03, 8.9899e-03
5.2975e+03, 9.6727e-03
5.3005e+03, 1.0049e-02
5.3034e+03, 1.0449e-02
5.3064e+03, 1.0875e-02
5.3093e+03, 1.1330e-02
5.3112e+03, 1.1637e-02
5.3131e+03, 1.1959e-02
5.3150e+03, 1.2294e-02
5.3169e+03, 1.2644e-02
5.3187e+03, 1.3009e-02
5.3206e+03, 1.3390e-02
5.3225e+03, 1.3790e-02
5.3235e+03, 1.3997e-02
5.3244e+03, 1.4209e-02
5.3255e+03, 1.4451e-02
5.3265e+03, 1.4699e-02
5.3286e+03, 1.5216e-02
5.3307e+03, 1.5761e-02
5.3328e+03, 1.6337e-02
5.3349e+03, 1.6947e-02
5.3370e+03, 1.7592e-02
5.3391e+03, 1.8275e-02
5.3412e+03, 1.9001e-02
5.3424e+03, 1.9419e-02
5.3435e+03, 1.9852e-02
5.3447e+03, 2.0299e-02
5.3459e+03, 2.0762e-02
5.3470e+03, 2.1242e-02
5.3482e+03, 2.1738e-02
5.3505e+03, 2.2787e-02
5.3528e+03, 2.3915e-02
5.3551e+03, 2.5130e-02
5.3574e+03, 2.6442e-02
5.3597e+03, 2.7862e-02
5.3620e+03, 2.9401e-02
5.3643e+03, 3.1073e-02
5.3667e+03, 3.2893e-02
5.3690e+03, 3.4880e-02
5.3713e+03, 3.7056e-02
5.3736e+03, 3.9442e-02
5.3759e+03, 4.2067e-02
5.3782e+03, 4.4965e-02
5.3805e+03, 4.8176e-02
5.3828e+03, 5.1741e-02
5.3851e+03, 5.5718e-02
5.3875e+03, 6.0169e-02
5.3898e+03, 6.5173e-02
5.3921e+03, 7.0821e-02
5.3944e+03, 7.7227e-02
5.3967e+03, 8.4529e-02
5.3990e+03, 9.2903e-02
5.4013e+03, 1.0255e-01
5.4036e+03, 1.1374e-01
5.4059e+03, 1.2681e-01
5.4083e+03, 1.4217e-01
5.4106e+03, 1.6037e-01
5.4129e+03, 1.8208e-01
5.4140e+03, 1.9454e-01
5.4152e+03, 2.0821e-01
5.4163e+03, 2.2312e-01
5.4175e+03, 2.3956e-01
5.4186e+03, 2.5771e-01
5.4198e+03, 2.7777e-01
5.4209e+03, 3.0002e-01
5.4221e+03, 3.2468e-01
5.4232e+03, 3.5209e-01
5.4243e+03, 3.8251e-01
5.4255e+03, 4.1635e-01
5.4266e+03, 4.5390e-01
5.4278e+03, 4.9549e-01
5.4289e+03, 5.4135e-01
5.4301e+03, 5.9175e-01
5.4312e+03, 6.4664e-01
5.4335e+03, 7.6891e-01
5.4382e+03, 1.0366e+00
5.4394e+03, 1.0910e+00
5.4406e+03, 1.1331e+00
5.4418e+03, 1.1598e+00
5.4430e+03, 1.1687e+00
5.4446e+03, 1.1518e+00
5.4459e+03, 1.1145e+00
5.4472e+03, 1.0600e+00
5.4499e+03, 9.1917e-01
5.4525e+03, 7.6657e-01
5.4551e+03, 6.2717e-01
5.4565e+03, 5.6603e-01
5.4578e+03, 5.1089e-01
5.4591e+03, 4.6154e-01
5.4604e+03, 4.1763e-01
5.4617e+03, 3.7868e-01
5.4631e+03, 3.4418e-01
5.4644e+03, 3.1364e-01
5.4657e+03, 2.8658e-01
5.4671e+03, 2.6157e-01
5.4684e+03, 2.3943e-01
5.4712e+03, 2.0233e-01
5.4739e+03, 1.7281e-01
5.4767e+03, 1.4905e-01
5.4794e+03, 1.2972e-01
5.4822e+03, 1.1381e-01
5.4850e+03, 1.0061e-01
5.4877e+03, 8.9623e-02
5.4905e+03, 8.0336e-02
5.4932e+03, 7.2323e-02
5.4987e+03, 5.9488e-02
5.5042e+03, 4.9786e-02
5.5097e+03, 4.2291e-02
5.5152e+03, 3.6383e-02
5.5207e+03, 3.1651e-02
5.5262e+03, 2.7806e-02
5.5317e+03, 2.4641e-02
5.5422e+03, 2.0021e-02
5.5527e+03, 1.6605e-02
5.5633e+03, 1.4067e-02
5.5738e+03, 1.2110e-02
5.5843e+03, 1.0583e-02
5.5948e+03, 9.3845e-03
5.6158e+03, 7.6411e-03
5.6398e+03, 6.3945e-03
5.6638e+03, 5.5972e-03
5.6878e+03, 5.1679e-03
5.7119e+03, 4.9887e-03
5.7439e+03, 5.1494e-03
5.7759e+03, 5.8246e-03
5.7919e+03, 6.4241e-03
5.8079e+03, 7.2770e-03
5.8239e+03, 8.4907e-03
5.8399e+03, 1.0238e-02
5.8560e+03, 1.2827e-02
5.8690e+03, 1.5950e-02
5.8755e+03, 1.7970e-02
5.8820e+03, 2.0506e-02
5.8885e+03, 2.3677e-02
5.8950e+03, 2.7707e-02
5.9015e+03, 3.2937e-02
5.9080e+03, 3.9881e-02
5.9118e+03, 4.4979e-02
5.9155e+03, 5.1154e-02
5.9193e+03, 5.8731e-02
5.9230e+03, 6.8111e-02
5.9268e+03, 7.9893e-02
5.9305e+03, 9.5252e-02
5.9343e+03, 1.1559e-01
5.9361e+03, 1.2831e-01
5.9380e+03, 1.4328e-01
5.9399e+03, 1.6106e-01
5.9418e+03, 1.8237e-01
5.9436e+03, 2.0819e-01
5.9455e+03, 2.3981e-01
5.9474e+03, 2.7925e-01
5.9493e+03, 3.2949e-01
5.9502e+03, 3.5993e-01
5.9512e+03, 3.9480e-01
5.9521e+03, 4.3502e-01
5.9530e+03, 4.8173e-01
5.9542e+03, 5.4848e-01
5.9553e+03, 6.3013e-01
5.9564e+03, 7.3144e-01
5.9575e+03, 8.5913e-01
5.9581e+03, 9.3578e-01
5.9587e+03, 1.0231e+00
5.9592e+03, 1.1230e+00
5.9598e+03, 1.2383e+00
5.9603e+03, 1.3721e+00
5.9609e+03, 1.5285e+00
5.9615e+03, 1.7129e+00
5.9620e+03, 1.9314e+00
5.9627e+03, 2.2583e+00
5.9634e+03, 2.6697e+00
5.9638e+03, 2.9149e+00
5.9641e+03, 3.1915e+00
5.9644e+03, 3.5035e+00
5.9648e+03, 3.8553e+00
5.9651e+03, 4.2513e+00
5.9655e+03, 4.6958e+00
5.9658e+03, 5.1923e+00
5.9662e+03, 5.7435e+00
5.9669e+03, 7.0113e+00
5.9675e+03, 8.4735e+00
5.9684e+03, 1.0466e+01
5.9693e+03, 1.2343e+01
5.9697e+03, 1.3116e+01
5.9701e+03, 1.3709e+01
5.9706e+03, 1.4083e+01
5.9710e+03, 1.4209e+01
5.9716e+03, 1.3997e+01
5.9721e+03, 1.3390e+01
5.9727e+03, 1.2459e+01
5.9732e+03, 1.1307e+01
5.9743e+03, 8.7570e+00
5.9749e+03, 7.5396e+00
5.9754e+03, 6.4389e+00
5.9761e+03, 5.3298e+00
5.9767e+03, 4.4156e+00
5.9771e+03, 4.0259e+00
5.9774e+03, 3.6769e+00
5.9780e+03, 3.0865e+00
5.9787e+03, 2.6149e+00
5.9793e+03, 2.2379e+00
5.9800e+03, 1.9336e+00
5.9806e+03, 1.6857e+00
5.9811e+03, 1.5220e+00
5.9816e+03, 1.3807e+00
5.9821e+03, 1.2579e+00
5.9826e+03, 1.1508e+00
5.9831e+03, 1.0566e+00
5.9837e+03, 9.7346e-01
5.9847e+03, 8.3415e-01
5.9857e+03, 7.2264e-01
5.9867e+03, 6.3222e-01
5.9877e+03, 5.5781e-01
5.9887e+03, 4.9595e-01
5.9897e+03, 4.4384e-01
5.9908e+03, 3.9955e-01
5.9918e+03, 3.6149e-01
5.9928e+03, 3.2861e-01
5.9938e+03, 2.9999e-01
5.9948e+03, 2.7498e-01
5.9969e+03, 2.3351e-01
5.9989e+03, 2.0078e-01
6.0009e+03, 1.7451e-01
6.0029e+03, 1.5310e-01
6.0050e+03, 1.3546e-01
6.0069e+03, 1.2141e-01
6.0089e+03, 1.0944e-01
6.0127e+03, 9.0158e-02
6.0166e+03, 7.5569e-02
6.0205e+03, 6.4281e-02
6.0244e+03, 5.5365e-02
6.0282e+03, 4.8201e-02
6.0321e+03, 4.2357e-02
6.0360e+03, 3.7526e-02
6.0430e+03, 3.0689e-02
6.0500e+03, 2.5629e-02
6.0570e+03, 2.1703e-02
6.0641e+03, 1.8635e-02
6.0711e+03, 1.6189e-02
6.0781e+03, 1.4203e-02
6.0921e+03, 1.1210e-02
6.1054e+03, 9.1926e-03
6.1187e+03, 7.7070e-03
6.1320e+03, 6.5578e-03
6.1453e+03, 5.6558e-03
6.1719e+03, 4.3485e-03
6.1985e+03, 3.4659e-03
6.2265e+03, 2.8148e-03
6.2546e+03, 2.3432e-03
6.3107e+03, 1.7128e-03
6.3669e+03, 1.3215e-03
6.4230e+03, 1.0586e-03
6.5353e+03, 7.4062e-04
6.6475e+03, 5.5761e-04
6.7598e+03, 4.4165e-04
6.8720e+03, 3.6248e-04
7.1202e+03, 2.5831e-04
7.3683e+03, 2.0194e-04
7.6165e+03, 1.7017e-04
7.8646e+03, 1.5486e-04
7.9592e+03, 1.5332e-04
8.2428e+03, 1.6892e-04
8.3846e+03, 1.9850e-04
8.5264e+03, 2.6644e-04
8.6445e+03, 4.0195e-04
8.7036e+03, 5.4121e-04
8.7627e+03, 7.9216e-04
8.8188e+03, 1.2934e-03
8.8469e+03, 1.7689e-03
8.8749e+03, 2.5842e-03
8.8905e+03, 3.3193e-03
8.9060e+03, 4.4310e-03
8.9215e+03, 6.2282e-03
8.9292e+03, 7.5761e-03
8.9370e+03, 9.3934e-03
8.9451e+03, 1.2141e-02
8.9532e+03, 1.6310e-02
8.9573e+03, 1.9252e-02
8.9614e+03, 2.3073e-02
8.9654e+03, 2.8153e-02
8.9695e+03, 3.5065e-02
8.9715e+03, 3.9512e-02
8.9735e+03, 4.4883e-02
8.9756e+03, 5.1439e-02
8.9776e+03, 5.9539e-02
8.9796e+03, 6.9700e-02
8.9817e+03, 8.2678e-02
8.9837e+03, 9.9585e-02
8.9847e+03, 1.1001e-01
8.9857e+03, 1.2211e-01
8.9868e+03, 1.3769e-01
8.9879e+03, 1.5637e-01
8.9891e+03, 1.7903e-01
8.9902e+03, 2.0678e-01
8.9913e+03, 2.4122e-01
8.9924e+03, 2.8439e-01
8.9935e+03, 3.3904e-01
8.9940e+03, 3.7173e-01
8.9946e+03, 4.0860e-01
8.9956e+03, 4.8958e-01
8.9966e+03, 5.9009e-01
8.9977e+03, 7.1238e-01
8.9987e+03, 8.5579e-01
9.0007e+03, 1.1773e+00
9.0017e+03, 1.3234e+00
9.0028e+03, 1.4305e+00
9.0034e+03, 1.4681e+00
9.0040e+03, 1.4808e+00
9.0049e+03, 1.4558e+00
9.0057e+03, 1.3851e+00
9.0066e+03, 1.2783e+00
9.0075e+03, 1.1492e+00
9.0092e+03, 8.7581e-01
9.0101e+03, 7.5088e-01
9.0109e+03, 6.4078e-01
9.0115e+03, 5.7315e-01
9.0121e+03, 5.1315e-01
9.0127e+03, 4.6027e-01
9.0133e+03, 4.1386e-01
9.0139e+03, 3.7321e-01
9.0145e+03, 3.3761e-01
9.0152e+03, 3.0641e-01
9.0158e+03, 2.7905e-01
9.0170e+03, 2.3363e-01
9.0182e+03, 1.9802e-01
9.0194e+03, 1.6973e-01
9.0206e+03, 1.4698e-01
9.0216e+03, 1.3185e-01
9.0225e+03, 1.1891e-01
9.0235e+03, 1.0776e-01
9.0245e+03, 9.8106e-02
9.0264e+03, 8.2312e-02
9.0283e+03, 7.0038e-02
9.0303e+03, 6.0281e-02
9.0322e+03, 5.2409e-02
9.0341e+03, 4.5973e-02
9.0361e+03, 4.0654e-02
9.0395e+03, 3.3330e-02
9.0429e+03, 2.7822e-02
9.0462e+03, 2.3576e-02
9.0496e+03, 2.0240e-02
9.0564e+03, 1.5408e-02
9.0632e+03, 1.2106e-02
9.0700e+03, 9.7653e-03
9.0767e+03, 8.0471e-03
9.0903e+03, 5.7437e-03
9.1038e+03, 4.3205e-03
9.1174e+03, 3.3655e-03
9.1406e+03, 2.3417e-03
9.1638e+03, 1.7306e-03
9.2103e+03, 1.0690e-03
9.2606e+03, 7.1617e-04
9.3109e+03, 5.2136e-04
9.4116e+03, 3.2430e-04
9.5277e+03, 2.2182e-04
9.6439e+03, 1.6933e-04
9.8761e+03, 1.1842e-04
1.0000e+04, 1.0440e-04
1.0256e+04, 8.7461e-05
1.0512e+04, 7.8764e-05
1.1024e+04, 7.2012e-05
1.1817e+04, 8.0398e-05
1.2214e+04, 9.6464e-05
1.2413e+04, 1.1191e-04
1.2611e+04, 1.3866e-04
1.2726e+04, 1.6682e-04
1.2841e+04, 2.1672e-04
1.2957e+04, 3.2294e-04
1.3014e+04, 4.2907e-04
1.3072e+04, 6.3504e-04
1.3100e+04, 8.2062e-04
1.3129e+04, 1.1246e-03
1.3158e+04, 1.6703e-03
1.3172e+04, 2.1179e-03
1.3187e+04, 2.8032e-03
1.3198e+04, 3.6137e-03
1.3209e+04, 4.8418e-03
1.3220e+04, 6.8737e-03
1.3232e+04, 1.0573e-02
1.3237e+04, 1.3411e-02
1.3242e+04, 1.7583e-02
1.3247e+04, 2.4136e-02
1.3250e+04, 2.8908e-02
1.3252e+04, 3.5276e-02
1.3255e+04, 4.5682e-02
1.3257e+04, 5.2729e-02
1.3258e+04, 6.1580e-02
1.3260e+04, 7.2938e-02
1.3261e+04, 8.7901e-02
1.3263e+04, 1.0825e-01
1.3264e+04, 1.2134e-01
1.3264e+04, 1.3712e-01
1.3265e+04, 1.5787e-01
1.3266e+04, 1.8418e-01
1.3267e+04, 2.1841e-01
1.3268e+04, 2.6425e-01
1.3268e+04, 2.9322e-01
1.3268e+04, 3.2746e-01
1.3269e+04, 3.6817e-01
1.3269e+04, 4.1681e-01
1.3270e+04, 4.7509e-01
1.3270e+04, 5.4500e-01
1.3270e+04, 6.2879e-01
1.3271e+04, 7.2888e-01
1.3271e+04, 8.6412e-01
1.3272e+04, 1.0267e+00
1.3272e+04, 1.2196e+00
1.3273e+04, 1.4449e+00
1.3273e+04, 1.7032e+00
1.3274e+04, 1.9928e+00
1.3274e+04, 2.6468e+00
1.3276e+04, 3.4870e+00
1.3276e+04, 3.8662e+00
1.3277e+04, 4.1751e+00
1.3277e+04, 4.4341e+00
1.3278e+04, 4.5244e+00
1.3279e+04, 4.4467e+00
1.3279e+04, 4.2275e+00
1.3280e+04, 3.8909e+00
1.3280e+04, 3.4716e+00
1.3282e+04, 2.5171e+00
1.3282e+04, 2.0607e+00
1.3283e+04, 1.6607e+00
1.3284e+04, 1.3306e+00
1.3284e+04, 1.1875e+00
1.3284e+04, 1.0628e+00
1.3284e+04, 9.4728e-01
1.3285e+04, 8.4468e-01
1.3285e+04, 7.5403e-01
1.3285e+04, 6.7678e-01
1.3286e+04, 6.0657e-01
1.3286e+04, 5.4518e-01
1.3286e+04, 4.9157e-01
1.3287e+04, 4.4627e-01
1.3287e+04, 3.7058e-01
1.3288e+04, 3.1236e-01
1.3288e+04, 2.6846e-01
1.3289e+04, 2.3360e-01
1.3289e+04, 2.0549e-01
1.3290e+04, 1.8285e-01
1.3291e+04, 1.6369e-01
1.3291e+04, 1.4783e-01
1.3292e+04, 1.2244e-01
1.3293e+04, 1.0331e-01
1.3294e+04, 8.8477e-02
1.3296e+04, 7.6703e-02
1.3297e+04, 6.7190e-02
1.3299e+04, 5.3476e-02
1.3301e+04, 4.3639e-02
1.3303e+04, 3.6313e-02
1.3305e+04, 3.0699e-02
1.3310e+04, 2.2796e-02
1.3314e+04, 1.7628e-02
1.3322e+04, 1.1949e-02
1.3329e+04, 8.6635e-03
1.3337e+04, 6.5722e-03
1.3345e+04, 5.1693e-03
1.3361e+04, 3.3929e-03
1.3377e+04, 2.4153e-03
1.3394e+04, 1.8216e-03
1.3410e+04, 1.4368e-03
1.3444e+04, 9.6632e-04
1.3479e+04, 7.1650e-04
1.3547e+04, 4.8072e-04
1.3616e+04, 3.8179e-04
1.3685e+04, 3.3213e-04
1.3801e+04, 3.0669e-04
1.3960e+04, 3.2448e-04
1.4119e+04, 3.8307e-04
1.4279e+04, 4.8968e-04
1.4438e+04, 6.7690e-04
1.4612e+04, 1.0867e-03
1.4699e+04, 1.4747e-03
1.4786e+04, 2.1498e-03
1.4829e+04, 2.6958e-03
1.4873e+04, 3.5086e-03
1.4916e+04, 4.8039e-03
1.4959e+04, 7.0856e-03
1.4979e+04, 8.7942e-03
1.4999e+04, 1.1194e-02
1.5019e+04, 1.4906e-02
1.5029e+04, 1.7552e-02
1.5039e+04, 2.1018e-02
1.5051e+04, 2.6719e-02
1.5063e+04, 3.5168e-02
1.5068e+04, 4.1124e-02
1.5074e+04, 4.8784e-02
1.5080e+04, 5.8892e-02
1.5086e+04, 7.2622e-02
1.5089e+04, 8.1434e-02
1.5092e+04, 9.1906e-02
1.5095e+04, 1.0455e-01
1.5098e+04, 1.2013e-01
1.5101e+04, 1.3958e-01
1.5104e+04, 1.6428e-01
1.5107e+04, 1.9628e-01
1.5108e+04, 2.1595e-01
1.5110e+04, 2.3875e-01
1.5111e+04, 2.6997e-01
1.5113e+04, 3.0774e-01
1.5115e+04, 3.5401e-01
1.5116e+04, 4.1116e-01
1.5118e+04, 4.8388e-01
1.5119e+04, 5.2773e-01
1.5120e+04, 5.7783e-01
1.5121e+04, 6.3539e-01
1.5122e+04, 7.0193e-01
1.5122e+04, 7.7932e-01
1.5123e+04, 8.6877e-01
1.5124e+04, 1.0160e+00
1.5126e+04, 1.1997e+00
1.5126e+04, 1.3102e+00
1.5127e+04, 1.4327e+00
1.5127e+04, 1.5735e+00
1.5128e+04, 1.7297e+00
1.5128e+04, 1.9089e+00
1.5129e+04, 2.1070e+00
1.5129e+04, 2.3329e+00
1.5130e+04, 2.5802e+00
1.5131e+04, 3.1571e+00
1.5132e+04, 3.8297e+00
1.5135e+04, 5.6432e+00
1.5136e+04, 6.0132e+00
1.5137e+04, 6.2942e+00
1.5137e+04, 6.4716e+00
1.5138e+04, 6.5319e+00
1.5139e+04, 6.4464e+00
1.5140e+04, 6.2001e+00
1.5141e+04, 5.8188e+00
1.5141e+04, 5.3455e+00
1.5143e+04, 4.2572e+00
1.5144e+04, 3.7198e+00
1.5145e+04, 3.2269e+00
1.5146e+04, 2.6107e+00
1.5146e+04, 2.3439e+00
1.5147e+04, 2.1096e+00
1.5148e+04, 1.8982e+00
1.5148e+04, 1.7146e+00
1.5149e+04, 1.5526e+00
1.5149e+04, 1.4100e+00
1.5150e+04, 1.2823e+00
1.5151e+04, 1.1716e+00
1.5151e+04, 1.0722e+00
1.5152e+04, 9.8579e-01
1.5153e+04, 8.3946e-01
1.5154e+04, 7.2367e-01
1.5155e+04, 6.4681e-01
1.5156e+04, 5.8150e-01
1.5157e+04, 5.2561e-01
1.5158e+04, 4.7743e-01
1.5159e+04, 4.3563e-01
1.5160e+04, 3.9913e-01
1.5162e+04, 3.3876e-01
1.5164e+04, 2.9118e-01
1.5166e+04, 2.5301e-01
1.5168e+04, 2.2195e-01
1.5169e+04, 1.9637e-01
1.5171e+04, 1.7743e-01
1.5173e+04, 1.6127e-01
1.5174e+04, 1.4727e-01
1.5176e+04, 1.3508e-01
1.5179e+04, 1.1493e-01
1.5183e+04, 9.9225e-02
1.5186e+04, 8.6701e-02
1.5189e+04, 7.6552e-02
1.5193e+04, 6.8184e-02
1.5196e+04, 6.1234e-02
1.5201e+04, 5.2484e-02
1.5206e+04, 4.5743e-02
1.5212e+04, 4.0452e-02
1.5217e+04, 3.6246e-02
1.5222e+04, 3.2865e-02
1.5227e+04, 3.0139e-02
1.5233e+04, 2.7931e-02
1.5238e+04, 2.6142e-02
1.5242e+04, 2.5061e-02
1.5245e+04, 2.4142e-02
1.5249e+04, 2.3368e-02
1.5253e+04, 2.2725e-02
1.5256e+04, 2.2319e-02
1.5259e+04, 2.1976e-02
1.5262e+04, 2.1691e-02
1.5264e+04, 2.1463e-02
1.5267e+04, 2.1289e-02
1.5270e+04, 2.1166e-02
1.5273e+04, 2.1094e-02
1.5276e+04, 2.1072e-02
1.5278e+04, 2.1094e-02
1.5281e+04, 2.1157e-02
1.5284e+04, 2.1261e-02
1.5286e+04, 2.1406e-02
1.5289e+04, 2.1593e-02
1.5291e+04, 2.1822e-02
1.5294e+04, 2.2095e-02
1.5297e+04, 2.2413e-02
1.5299e+04, 2.2779e-02
1.5302e+04, 2.3192e-02
1.5304e+04, 2.3656e-02
1.5307e+04, 2.4173e-02
1.5310e+04, 2.4747e-02
1.5312e+04, 2.5381e-02
1.5315e+04, 2.6078e-02
1.5318e+04, 2.6844e-02
1.5320e+04, 2.7686e-02
1.5323e+04, 2.8603e-02
1.5325e+04, 2.9606e-02
1.5328e+04, 3.0700e-02
1.5331e+04, 3.1894e-02
1.5333e+04, 3.3197e-02
1.5336e+04, 3.4618e-02
1.5338e+04, 3.6169e-02
1.5341e+04, 3.7868e-02
1.5344e+04, 3.9717e-02
1.5346e+04, 4.1738e-02
1.5349e+04, 4.3948e-02
1.5351e+04, 4.6367e-02
1.5354e+04, 4.9016e-02
1.5357e+04, 5.1920e-02
1.5359e+04, 5.5107e-02
1.5362e+04, 5.8733e-02
1.5365e+04, 6.2730e-02
1.5367e+04, 6.7137e-02
1.5370e+04, 7.1980e-02
1.5373e+04, 7.7340e-02
1.5376e+04, 8.3224e-02
1.5378e+04, 8.9722e-02
1.5381e+04, 9.6830e-02
1.5384e+04, 1.0464e-01
1.5386e+04, 1.1311e-01
1.5389e+04, 1.2231e-01
1.5392e+04, 1.3213e-01
1.5397e+04, 1.5339e-01
1.5402e+04, 1.7548e-01
1.5407e+04, 1.9139e-01
1.5411e+04, 2.0459e-01
1.5415e+04, 2.1335e-01
1.5419e+04, 2.1632e-01
1.5423e+04, 2.1302e-01
1.5427e+04, 2.0397e-01
1.5431e+04, 1.9366e-01
1.5434e+04, 1.8152e-01
1.5440e+04, 1.5486e-01
1.5447e+04, 1.2887e-01
1.5453e+04, 1.0639e-01
1.5460e+04, 8.7849e-02
1.5466e+04, 7.2991e-02
1.5473e+04, 6.1156e-02
1.5479e+04, 5.1751e-02
1.5487e+04, 4.2764e-02
1.5495e+04, 3.5831e-02
1.5503e+04, 3.0406e-02
1.5511e+04, 2.6105e-02
1.5519e+04, 2.2692e-02
1.5527e+04, 1.9862e-02
1.5535e+04, 1.7529e-02
1.5543e+04, 1.5590e-02
1.5559e+04, 1.2574e-02
1.5575e+04, 1.0367e-02
1.5590e+04, 8.7035e-03
1.5606e+04, 7.4200e-03
1.5622e+04, 6.4302e-03
1.5638e+04, 5.6093e-03
1.5670e+04, 4.3930e-03
1.5702e+04, 3.5502e-03
1.5733e+04, 2.9357e-03
1.5765e+04, 2.4718e-03
1.5797e+04, 2.1145e-03
1.5860e+04, 1.6115e-03
1.5924e+04, 1.2712e-03
1.5992e+04, 1.0219e-03
1.6060e+04, 8.4419e-04
1.6196e+04, 6.1504e-04
1.6332e+04, 4.7734e-04
1.6468e+04, 3.9242e-04
1.6650e+04, 3.2954e-04
1.6831e+04, 3.0566e-04
1.7085e+04, 3.4740e-04
1.7212e+04, 4.2881e-04
1.7339e+04, 6.0960e-04
1.7412e+04, 8.1616e-04
1.7498e+04, 1.3106e-03
1.7541e+04, 1.7860e-03
1.7584e+04, 2.6107e-03
1.7607e+04, 3.3193e-03
1.7630e+04, 4.3754e-03
1.7652e+04, 6.0564e-03
1.7675e+04, 8.9347e-03
1.7688e+04, 1.1523e-02
1.7700e+04, 1.5438e-02
1.7713e+04, 2.1782e-02
1.7719e+04, 2.6541e-02
1.7725e+04, 3.3001e-02
1.7731e+04, 4.2186e-02
1.7737e+04, 5.5915e-02
1.7741e+04, 6.5456e-02
1.7744e+04, 7.7678e-02
1.7747e+04, 9.3682e-02
1.7750e+04, 1.1509e-01
1.7752e+04, 1.3013e-01
1.7753e+04, 1.4823e-01
1.7755e+04, 1.7044e-01
1.7757e+04, 1.9813e-01
1.7758e+04, 2.3326e-01
1.7760e+04, 2.7871e-01
1.7761e+04, 3.0662e-01
1.7762e+04, 3.3896e-01
1.7763e+04, 3.7669e-01
1.7764e+04, 4.2107e-01
1.7765e+04, 4.8399e-01
1.7766e+04, 5.6093e-01
1.7767e+04, 6.5694e-01
1.7768e+04, 7.7782e-01
1.7769e+04, 9.3257e-01
1.7770e+04, 1.1265e+00
1.7771e+04, 1.3697e+00
1.7772e+04, 1.6688e+00
1.7772e+04, 1.9567e+00
1.7773e+04, 2.2801e+00
1.7775e+04, 2.9942e+00
1.7776e+04, 3.6729e+00
1.7777e+04, 3.9371e+00
1.7778e+04, 4.1168e+00
1.7778e+04, 4.1810e+00
1.7779e+04, 4.2026e+00
1.7780e+04, 4.1504e+00
1.7781e+04, 4.0020e+00
1.7781e+04, 3.7676e+00
1.7782e+04, 3.4733e+00
1.7785e+04, 2.1153e+00
1.7786e+04, 1.8054e+00
1.7787e+04, 1.5373e+00
1.7788e+04, 1.3080e+00
1.7789e+04, 1.1154e+00
1.7789e+04, 9.5538e-01
1.7790e+04, 8.2332e-01
1.7791e+04, 7.1448e-01
1.7792e+04, 6.2457e-01
1.7793e+04, 5.5502e-01
1.7793e+04, 4.9689e-01
1.7794e+04, 4.4666e-01
1.7795e+04, 4.0415e-01
1.7796e+04, 3.3503e-01
1.7798e+04, 2.8225e-01
1.7799e+04, 2.4107e-01
1.7801e+04, 2.0833e-01
1.7802e+04, 1.8190e-01
1.7804e+04, 1.6037e-01
1.7807e+04, 1.2849e-01
1.7809e+04, 1.0533e-01
1.7812e+04, 8.7903e-02
1.7815e+04, 7.4471e-02
1.7818e+04, 6.3908e-02
1.7821e+04, 5.5450e-02
1.7826e+04, 4.2910e-02
1.7832e+04, 3.4577e-02
1.7837e+04, 2.8463e-02
1.7848e+04, 2.0236e-02
1.7859e+04, 1.5128e-02
1.7870e+04, 1.1747e-02
1.7889e+04, 7.9955e-03
1.7909e+04, 5.7957e-03
1.7928e+04, 4.3975e-03
1.7948e+04, 3.4564e-03
1.7984e+04, 2.3538e-03
1.8021e+04, 1.7173e-03
1.8058e+04, 1.3108e-03
1.8095e+04, 1.0382e-03
1.8173e+04, 6.9378e-04
1.8251e+04, 5.0263e-04
1.8329e+04, 3.8535e-04
1.8407e+04, 3.0832e-04
1.8562e+04, 2.1709e-04
1.8718e+04, 1.6551e-04
1.9030e+04, 1.1156e-04
1.9515e+04, 7.5622e-05
2.0000e+04, 5.8757e-05
2.1022e+04, 4.4110e-05
2.2044e+04, 4.0409e-05
2.2956e+04, 4.4344e-05
2.3412e+04, 5.1827e-05
2.3640e+04, 5.9314e-05
2.3868e+04, 7.3543e-05
2.4087e+04, 1.0444e-04
2.4197e+04, 1.3729e-04
2.4306e+04, 2.0248e-04
2.4397e+04, 3.2410e-04
2.4443e+04, 4.4488e-04
2.4489e+04, 6.5991e-04
2.4512e+04, 8.4049e-04
2.4534e+04, 1.1136e-03
2.4557e+04, 1.5563e-03
2.4569e+04, 1.8871e-03
2.4580e+04, 2.3360e-03
2.4592e+04, 3.0578e-03
2.4599e+04, 3.5535e-03
2.4605e+04, 4.1824e-03
2.4611e+04, 4.9969e-03
2.4618e+04, 6.0782e-03
2.4624e+04, 7.5567e-03
2.4630e+04, 9.6535e-03
2.4635e+04, 1.1933e-02
2.4637e+04, 1.3383e-02
2.4640e+04, 1.5101e-02
2.4642e+04, 1.7185e-02
2.4645e+04, 1.9729e-02
2.4646e+04, 2.1220e-02
2.4647e+04, 2.2888e-02
2.4648e+04, 2.4760e-02
2.4650e+04, 2.6873e-02
2.4651e+04, 2.9436e-02
2.4652e+04, 3.2357e-02
2.4653e+04, 3.5730e-02
2.4655e+04, 3.9649e-02
2.4655e+04, 4.1886e-02
2.4656e+04, 4.4274e-02
2.4657e+04, 4.6867e-02
2.4657e+04, 4.9689e-02
2.4658e+04, 5.2764e-02
2.4658e+04, 5.6123e-02
2.4659e+04, 5.9798e-02
2.4660e+04, 6.3828e-02
2.4661e+04, 6.9354e-02
2.4661e+04, 7.5490e-02
2.4662e+04, 8.2495e-02
2.4663e+04, 9.0302e-02
2.4664e+04, 9.9235e-02
2.4664e+04, 1.0920e-01
2.4665e+04, 1.2043e-01
2.4666e+04, 1.3305e-01
2.4667e+04, 1.4872e-01
2.4668e+04, 1.6610e-01
2.4669e+04, 1.8563e-01
2.4669e+04, 2.0677e-01
2.4670e+04, 2.2978e-01
2.4671e+04, 2.5373e-01
2.4673e+04, 3.0291e-01
2.4675e+04, 3.6516e-01
2.4677e+04, 3.8365e-01
2.4678e+04, 3.9010e-01
2.4679e+04, 3.8716e-01
2.4680e+04, 3.7867e-01
2.4680e+04, 3.6643e-01
2.4681e+04, 3.5057e-01
2.4683e+04, 3.1103e-01
2.4684e+04, 2.6646e-01
2.4686e+04, 2.2278e-01
2.4689e+04, 1.4983e-01
2.4691e+04, 1.2256e-01
2.4692e+04, 1.0104e-01
2.4694e+04, 8.2848e-02
2.4696e+04, 6.8805e-02
2.4697e+04, 5.7878e-02
2.4699e+04, 4.9275e-02
2.4701e+04, 4.2414e-02
2.4702e+04, 3.6871e-02
2.4706e+04, 2.8608e-02
2.4709e+04, 2.3038e-02
2.4712e+04, 1.8953e-02
2.4715e+04, 1.5849e-02
2.4718e+04, 1.3454e-02
2.4725e+04, 1.0042e-02
2.4731e+04, 7.7856e-03
2.4737e+04, 6.3442e-03
2.4743e+04, 5.2742e-03
2.4754e+04, 3.8079e-03
2.4766e+04, 2.8805e-03
2.4778e+04, 2.2585e-03
2.4801e+04, 1.5045e-03
2.4824e+04, 1.0770e-03
2.4847e+04, 8.1352e-04
2.4870e+04, 6.3956e-04
2.4917e+04, 4.3255e-04
2.4963e+04, 3.1771e-04
2.5056e+04, 2.0233e-04
2.5127e+04, 1.5906e-04
2.5197e+04, 1.3209e-04
2.5339e+04, 1.0357e-04
2.5622e+04, 8.2635e-05
2.5935e+04, 7.8919e-05
2.6247e+04, 8.2891e-05
2.6677e+04, 9.6610e-05
2.7106e+04, 1.2078e-04
2.7536e+04, 1.6151e-04
2.7966e+04, 2.3401e-04
2.8180e+04, 2.9390e-04
2.8395e+04, 3.8257e-04
2.8503e+04, 4.4305e-04
2.8610e+04, 5.2113e-04
2.8717e+04, 6.2233e-04
2.8825e+04, 7.5439e-04
2.8942e+04, 9.5698e-04
2.9001e+04, 1.0921e-03
2.9059e+04, 1.2554e-03
2.9118e+04, 1.4622e-03
2.9176e+04, 1.7192e-03
2.9235e+04, 2.0570e-03
2.9293e+04, 2.4929e-03
2.9328e+04, 2.8180e-03
2.9362e+04, 3.2113e-03
2.9396e+04, 3.6896e-03
2.9430e+04, 4.2572e-03
2.9464e+04, 4.9814e-03
2.9498e+04, 5.8949e-03
2.9533e+04, 7.0588e-03
2.9550e+04, 7.7620e-03
2.9567e+04, 8.5653e-03
2.9595e+04, 1.0176e-02
2.9609e+04, 1.1121e-02
2.9624e+04, 1.2186e-02
2.9652e+04, 1.4743e-02
2.9666e+04, 1.6240e-02
2.9680e+04, 1.7924e-02
2.9709e+04, 2.1823e-02
2.9737e+04, 2.6363e-02
2.9765e+04, 3.1021e-02
2.9794e+04, 3.5010e-02
2.9812e+04, 3.6617e-02
2.9830e+04, 3.7148e-02
2.9844e+04, 3.6730e-02
2.9858e+04, 3.5652e-02
2.9873e+04, 3.4057e-02
2.9887e+04, 3.2054e-02
2.9943e+04, 2.2832e-02
2.9972e+04, 1.8785e-02
3.0000e+04, 1.5447e-02
3.0014e+04, 1.4028e-02
3.0028e+04, 1.2776e-02
3.0057e+04, 1.0637e-02
3.0087e+04, 8.8561e-03
3.0117e+04, 7.4427e-03
3.0148e+04, 6.3325e-03
3.0178e+04, 5.4348e-03
3.0208e+04, 4.7135e-03
3.0238e+04, 4.1181e-03
3.0269e+04, 3.6377e-03
3.0299e+04, 3.2208e-03
3.0354e+04, 2.6336e-03
3.0382e+04, 2.3907e-03
3.0410e+04, 2.1868e-03
3.0465e+04, 1.8437e-03
3.0521e+04, 1.5790e-03
3.0577e+04, 1.3650e-03
3.0632e+04, 1.1939e-03
3.0688e+04, 1.0537e-03
3.0743e+04, 9.3631e-04
3.0849e+04, 7.6518e-04
3.0955e+04, 6.3673e-04
3.1061e+04, 5.4112e-04
3.1167e+04, 4.6609e-04
3.1379e+04, 3.6035e-04
3.1591e+04, 2.9083e-04
3.1954e+04, 2.1985e-04
3.2317e+04, 1.8131e-04
3.3044e+04, 1.5723e-04
3.3650e+04, 1.8546e-04
3.3952e+04, 2.2876e-04
3.4255e+04, 3.2330e-04
3.4376e+04, 3.9290e-04
3.4497e+04, 5.0098e-04
3.4619e+04, 6.8278e-04
3.4679e+04, 8.2717e-04
3.4740e+04, 1.0275e-03
3.4793e+04, 1.2865e-03
3.4846e+04, 1.6752e-03
3.4872e+04, 1.9484e-03
3.4899e+04, 2.2984e-03
3.4925e+04, 2.7644e-03
3.4952e+04, 3.3892e-03
3.4976e+04, 4.1789e-03
3.5000e+04, 5.3050e-03
3.5011e+04, 6.0310e-03
3.5023e+04, 6.9308e-03
3.5029e+04, 7.4605e-03
3.5035e+04, 8.0560e-03
3.5041e+04, 8.7264e-03
3.5047e+04, 9.4842e-03
3.5052e+04, 1.0202e-02
3.5058e+04, 1.1003e-02
3.5062e+04, 1.1725e-02
3.5066e+04, 1.2518e-02
3.5070e+04, 1.3391e-02
3.5074e+04, 1.4359e-02
3.5078e+04, 1.5435e-02
3.5080e+04, 1.6018e-02
3.5082e+04, 1.6634e-02
3.5084e+04, 1.7284e-02
3.5086e+04, 1.7972e-02
3.5088e+04, 1.8701e-02
3.5090e+04, 1.9473e-02
3.5092e+04, 2.0165e-02
3.5094e+04, 2.0888e-02
3.5096e+04, 2.1654e-02
3.5097e+04, 2.2455e-02
3.5099e+04, 2.3304e-02
3.5101e+04, 2.4195e-02
3.5102e+04, 2.5140e-02
3.5104e+04, 2.6131e-02
3.5106e+04, 2.7185e-02
3.5108e+04, 2.8293e-02
3.5111e+04, 3.0710e-02
3.5115e+04, 3.3422e-02
3.5118e+04, 3.6459e-02
3.5122e+04, 3.9835e-02
3.5125e+04, 4.3635e-02
3.5128e+04, 4.7913e-02
3.5132e+04, 5.2714e-02
3.5135e+04, 5.8126e-02
3.5139e+04, 6.4169e-02
3.5142e+04, 7.0924e-02
3.5145e+04, 7.8369e-02
3.5149e+04, 8.7832e-02
3.5153e+04, 9.8020e-02
3.5157e+04, 1.0859e-01
3.5161e+04, 1.1901e-01
3.5169e+04, 1.3624e-01
3.5173e+04, 1.4129e-01
3.5177e+04, 1.4304e-01
3.5181e+04, 1.4099e-01
3.5185e+04, 1.3524e-01
3.5189e+04, 1.2786e-01
3.5193e+04, 1.1901e-01
3.5200e+04, 9.9573e-02
3.5207e+04, 8.1082e-02
3.5215e+04, 6.5512e-02
3.5222e+04, 5.3056e-02
3.5229e+04, 4.3326e-02
3.5237e+04, 3.5774e-02
3.5244e+04, 2.9889e-02
3.5252e+04, 2.4708e-02
3.5261e+04, 2.0711e-02
3.5269e+04, 1.7582e-02
3.5277e+04, 1.5097e-02
3.5286e+04, 1.3096e-02
3.5294e+04, 1.1468e-02
3.5311e+04, 9.0219e-03
3.5326e+04, 7.4010e-03
3.5341e+04, 6.1899e-03
3.5356e+04, 5.2623e-03
3.5372e+04, 4.5392e-03
3.5402e+04, 3.5000e-03
3.5433e+04, 2.8098e-03
3.5471e+04, 2.2255e-03
3.5510e+04, 1.8364e-03
3.5549e+04, 1.5687e-03
3.5588e+04, 1.3819e-03
3.5666e+04, 1.1622e-03
3.5743e+04, 1.0616e-03
3.5788e+04, 1.0433e-03
3.5882e+04, 1.0792e-03
3.5976e+04, 1.2161e-03
3.6070e+04, 1.4830e-03
3.6165e+04, 1.9515e-03
3.6226e+04, 2.4513e-03
3.6287e+04, 3.2232e-03
3.6348e+04, 4.4851e-03
3.6378e+04, 5.4401e-03
3.6409e+04, 6.7326e-03
3.6439e+04, 8.5788e-03
3.6455e+04, 9.8104e-03
3.6470e+04, 1.1330e-02
3.6485e+04, 1.3233e-02
3.6500e+04, 1.5660e-02
3.6516e+04, 1.8815e-02
3.6531e+04, 2.3011e-02
3.6539e+04, 2.5898e-02
3.6548e+04, 2.9311e-02
3.6556e+04, 3.3479e-02
3.6564e+04, 3.8576e-02
3.6572e+04, 4.4873e-02
3.6581e+04, 5.2755e-02
3.6589e+04, 6.2750e-02
3.6593e+04, 6.8761e-02
3.6597e+04, 7.5598e-02
3.6601e+04, 8.2562e-02
3.6605e+04, 9.0397e-02
3.6609e+04, 9.9276e-02
3.6612e+04, 1.0930e-01
3.6616e+04, 1.2067e-01
3.6620e+04, 1.3350e-01
3.6624e+04, 1.4802e-01
3.6627e+04, 1.6428e-01
3.6631e+04, 1.8245e-01
3.6635e+04, 2.0246e-01
3.6642e+04, 2.4736e-01
3.6650e+04, 2.9414e-01
3.6657e+04, 3.3301e-01
3.6662e+04, 3.4716e-01
3.6666e+04, 3.5206e-01
3.6669e+04, 3.4904e-01
3.6673e+04, 3.4038e-01
3.6676e+04, 3.2688e-01
3.6680e+04, 3.0964e-01
3.6693e+04, 2.2655e-01
3.6700e+04, 1.8806e-01
3.6707e+04, 1.5562e-01
3.6713e+04, 1.2912e-01
3.6720e+04, 1.0789e-01
3.6727e+04, 9.0267e-02
3.6734e+04, 7.6287e-02
3.6741e+04, 6.5101e-02
3.6748e+04, 5.6071e-02
3.6755e+04, 4.8712e-02
3.6762e+04, 4.2665e-02
3.6769e+04, 3.7684e-02
3.6776e+04, 3.3479e-02
3.6789e+04, 2.7335e-02
3.6802e+04, 2.2711e-02
3.6815e+04, 1.9154e-02
3.6828e+04, 1.6364e-02
3.6841e+04, 1.4137e-02
3.6854e+04, 1.2333e-02
3.6879e+04, 9.6235e-03
3.6904e+04, 7.8075e-03
3.6929e+04, 6.4466e-03
3.6953e+04, 5.4198e-03
3.6978e+04, 4.6178e-03
3.7027e+04, 3.4735e-03
3.7076e+04, 2.7104e-03
3.7170e+04, 1.8282e-03
3.7264e+04, 1.3159e-03
3.7358e+04, 9.9978e-04
3.7451e+04, 7.8687e-04
3.7639e+04, 5.3248e-04
3.7826e+04, 3.8700e-04
3.8201e+04, 2.3983e-04
3.8576e+04, 1.7099e-04
3.8951e+04, 1.3361e-04
3.9326e+04, 1.1437e-04
3.9701e+04, 1.0699e-04
4.0020e+04, 1.1170e-04
4.0339e+04, 1.3210e-04
4.0498e+04, 1.5330e-04
4.0657e+04, 1.9066e-04
4.0817e+04, 2.5900e-04
4.0976e+04, 4.0030e-04
4.1042e+04, 5.0731e-04
4.1107e+04, 6.7525e-04
4.1173e+04, 9.5713e-04
4.1238e+04, 1.4111e-03
4.1274e+04, 1.8472e-03
4.1309e+04, 2.5349e-03
4.1344e+04, 3.6934e-03
4.1379e+04, 5.9213e-03
4.1394e+04, 7.5714e-03
4.1410e+04, 1.0009e-02
4.1425e+04, 1.3887e-02
4.1432e+04, 1.6737e-02
4.1440e+04, 2.0561e-02
4.1448e+04, 2.6356e-02
4.1452e+04, 3.0197e-02
4.1456e+04, 3.4937e-02
4.1460e+04, 4.0901e-02
4.1465e+04, 4.8547e-02
4.1469e+04, 5.8550e-02
4.1473e+04, 7.1967e-02
4.1475e+04, 8.1817e-02
4.1477e+04, 9.3740e-02
4.1480e+04, 1.0840e-01
4.1482e+04, 1.2667e-01
4.1485e+04, 1.4989e-01
4.1487e+04, 1.7960e-01
4.1488e+04, 1.9764e-01
4.1489e+04, 2.1828e-01
4.1490e+04, 2.4194e-01
4.1492e+04, 2.6908e-01
4.1493e+04, 3.1697e-01
4.1495e+04, 3.7527e-01
4.1497e+04, 4.4519e-01
4.1498e+04, 5.2701e-01
4.1505e+04, 9.0430e-01
4.1507e+04, 9.5191e-01
4.1508e+04, 9.8784e-01
4.1509e+04, 1.0105e+00
4.1510e+04, 1.0181e+00
4.1512e+04, 1.0017e+00
4.1513e+04, 9.5499e-01
4.1515e+04, 8.8364e-01
4.1517e+04, 7.9687e-01
4.1520e+04, 6.0950e-01
4.1522e+04, 5.2220e-01
4.1523e+04, 4.4494e-01
4.1525e+04, 3.7215e-01
4.1527e+04, 3.1233e-01
4.1529e+04, 2.6363e-01
4.1530e+04, 2.2423e-01
4.1532e+04, 1.9235e-01
4.1534e+04, 1.6641e-01
4.1536e+04, 1.4516e-01
4.1538e+04, 1.2759e-01
4.1541e+04, 1.0561e-01
4.1543e+04, 8.8766e-02
4.1546e+04, 7.5605e-02
4.1549e+04, 6.5178e-02
4.1552e+04, 5.6732e-02
4.1555e+04, 4.9824e-02
4.1561e+04, 3.9344e-02
4.1566e+04, 3.1844e-02
4.1572e+04, 2.6291e-02
4.1578e+04, 2.2062e-02
4.1583e+04, 1.8782e-02
4.1595e+04, 1.4087e-02
4.1606e+04, 1.0964e-02
4.1628e+04, 7.3177e-03
4.1650e+04, 5.2262e-03
4.1671e+04, 3.9223e-03
4.1693e+04, 3.0550e-03
4.1732e+04, 2.0867e-03
4.1772e+04, 1.5171e-03
4.1811e+04, 1.1561e-03
4.1850e+04, 9.1254e-04
4.1925e+04, 6.2805e-04
4.1999e+04, 4.6203e-04
4.2149e+04, 2.8601e-04
4.2306e+04, 1.9691e-04
4.2463e+04, 1.4757e-04
4.2778e+04, 9.7394e-05
4.3258e+04, 6.5799e-05
4.3739e+04, 5.1964e-05
4.4699e+04, 4.0127e-05
4.6290e+04, 3.5858e-05
4.8145e+04, 4.1372e-05
4.9072e+04, 4.8815e-05
5.0000e+04, 6.1756e-05
5.1102e+04, 9.3491e-05
5.1654e+04, 1.2405e-04
5.2205e+04, 1.7810e-04
5.2695e+04, 2.7644e-04
5.2940e+04, 3.6994e-04
5.3062e+04, 4.4079e-04
5.3185e+04, 5.4029e-04
5.3292e+04, 6.6766e-04
5.3399e+04, 8.5709e-04
5.3453e+04, 9.9368e-04
5.3506e+04, 1.1743e-03
5.3560e+04, 1.4200e-03
5.3614e+04, 1.7696e-03
5.3660e+04, 2.2042e-03
5.3706e+04, 2.8596e-03
5.3751e+04, 3.8949e-03
5.3774e+04, 4.6629e-03
5.3786e+04, 5.1321e-03
5.3797e+04, 5.6859e-03
5.3805e+04, 6.1096e-03
5.3812e+04, 6.5523e-03
5.3819e+04, 7.0456e-03
5.3827e+04, 7.5970e-03
5.3834e+04, 8.2130e-03
5.3841e+04, 8.9063e-03
5.3848e+04, 9.6916e-03
5.3852e+04, 1.0123e-02
5.3855e+04, 1.0583e-02
5.3859e+04, 1.1073e-02
5.3862e+04, 1.1595e-02
5.3868e+04, 1.2429e-02
5.3873e+04, 1.3348e-02
5.3878e+04, 1.4363e-02
5.3884e+04, 1.5487e-02
5.3889e+04, 1.6733e-02
5.3894e+04, 1.8112e-02
5.3899e+04, 1.9640e-02
5.3905e+04, 2.1331e-02
5.3908e+04, 2.2485e-02
5.3911e+04, 2.3709e-02
5.3915e+04, 2.5012e-02
5.3918e+04, 2.6388e-02
5.3924e+04, 2.9380e-02
5.3931e+04, 3.2675e-02
5.3938e+04, 3.6226e-02
5.3944e+04, 3.9925e-02
5.3951e+04, 4.3612e-02
5.3957e+04, 4.7063e-02
5.3969e+04, 5.1598e-02
5.3974e+04, 5.2864e-02
5.3980e+04, 5.3298e-02
5.3986e+04, 5.2857e-02
5.3991e+04, 5.1585e-02
5.3997e+04, 4.9591e-02
5.4003e+04, 4.7047e-02
5.4013e+04, 4.1593e-02
5.4023e+04, 3.5885e-02
5.4043e+04, 2.5921e-02
5.4064e+04, 1.8791e-02
5.4084e+04, 1.3994e-02
5.4099e+04, 1.1541e-02
5.4114e+04, 9.6766e-03
5.4129e+04, 8.2492e-03
5.4144e+04, 7.1349e-03
5.4173e+04, 5.5344e-03
5.4203e+04, 4.4895e-03
5.4234e+04, 3.7466e-03
5.4266e+04, 3.2428e-03
5.4297e+04, 2.9036e-03
5.4328e+04, 2.6631e-03
5.4391e+04, 2.4015e-03
5.4454e+04, 2.3356e-03
5.4484e+04, 2.3552e-03
5.4565e+04, 2.5539e-03
5.4605e+04, 2.7324e-03
5.4646e+04, 2.9723e-03
5.4687e+04, 3.2777e-03
5.4727e+04, 3.6683e-03
5.4768e+04, 4.1601e-03
5.4809e+04, 4.7745e-03
5.4851e+04, 5.5943e-03
5.4893e+04, 6.6271e-03
5.4936e+04, 7.9516e-03
5.4978e+04, 9.6130e-03
5.5020e+04, 1.1651e-02
5.5063e+04, 1.4037e-02
5.5105e+04, 1.6493e-02
5.5147e+04, 1.8594e-02
5.5174e+04, 1.9426e-02
5.5201e+04, 1.9702e-02
5.5222e+04, 1.9482e-02
5.5243e+04, 1.8916e-02
5.5264e+04, 1.8080e-02
5.5285e+04, 1.7031e-02
5.5369e+04, 1.2177e-02
5.5411e+04, 1.0040e-02
5.5453e+04, 8.2776e-03
5.5495e+04, 6.8627e-03
5.5537e+04, 5.7288e-03
5.5582e+04, 4.7765e-03
5.5627e+04, 4.0207e-03
5.5673e+04, 3.4286e-03
5.5718e+04, 2.9495e-03
5.5763e+04, 2.5656e-03
5.5808e+04, 2.2485e-03
5.5899e+04, 1.7714e-03
5.5989e+04, 1.4360e-03
5.6080e+04, 1.1850e-03
5.6170e+04, 1.0011e-03
5.6261e+04, 8.5724e-04
5.6442e+04, 6.5827e-04
5.6623e+04, 5.3076e-04
5.6834e+04, 4.3591e-04
5.7046e+04, 3.7642e-04
5.7468e+04, 3.2684e-04
5.7860e+04, 3.5437e-04
5.8057e+04, 4.0351e-04
5.8253e+04, 4.9505e-04
5.8509e+04, 7.5067e-04
5.8638e+04, 1.0008e-03
5.8766e+04, 1.4440e-03
5.8834e+04, 1.8290e-03
5.8902e+04, 2.4070e-03
5.8970e+04, 3.3241e-03
5.9004e+04, 3.9920e-03
5.9037e+04, 4.9005e-03
5.9075e+04, 6.3326e-03
5.9094e+04, 7.2949e-03
5.9113e+04, 8.4930e-03
5.9132e+04, 1.0010e-02
5.9151e+04, 1.1962e-02
5.9170e+04, 1.4514e-02
5.9179e+04, 1.6073e-02
5.9188e+04, 1.7913e-02
5.9199e+04, 2.0312e-02
5.9209e+04, 2.3191e-02
5.9220e+04, 2.6680e-02
5.9230e+04, 3.0933e-02
5.9240e+04, 3.6166e-02
5.9251e+04, 4.2625e-02
5.9261e+04, 5.0620e-02
5.9271e+04, 6.0475e-02
5.9279e+04, 6.9608e-02
5.9288e+04, 8.0058e-02
5.9304e+04, 1.0391e-01
5.9312e+04, 1.1581e-01
5.9320e+04, 1.2607e-01
5.9328e+04, 1.3310e-01
5.9336e+04, 1.3559e-01
5.9342e+04, 1.3430e-01
5.9347e+04, 1.3065e-01
5.9353e+04, 1.2497e-01
5.9359e+04, 1.1781e-01
5.9381e+04, 8.4313e-02
5.9393e+04, 6.9373e-02
5.9404e+04, 5.6998e-02
5.9415e+04, 4.7041e-02
5.9427e+04, 3.9145e-02
5.9438e+04, 3.2782e-02
5.9450e+04, 2.7737e-02
5.9461e+04, 2.3699e-02
5.9473e+04, 2.0440e-02
5.9484e+04, 1.7780e-02
5.9496e+04, 1.5590e-02
5.9507e+04, 1.3768e-02
5.9519e+04, 1.2242e-02
5.9541e+04, 9.9608e-03
5.9563e+04, 8.2374e-03
5.9585e+04, 6.9239e-03
5.9607e+04, 5.8979e-03
5.9629e+04, 5.0834e-03
5.9651e+04, 4.4277e-03
5.9695e+04, 3.4467e-03
5.9737e+04, 2.7953e-03
5.9779e+04, 2.3116e-03
5.9862e+04, 1.6558e-03
5.9946e+04, 1.2517e-03
6.0030e+04, 9.8134e-04
6.0189e+04, 6.7000e-04
6.0349e+04, 4.9155e-04
6.0667e+04, 3.0509e-04
6.0986e+04, 2.1562e-04
6.1304e+04, 1.6587e-04
6.1941e+04, 1.1936e-04
6.2343e+04, 1.1233e-04
6.2578e+04, 1.1791e-04
6.2813e+04, 1.3928e-04
6.3047e+04, 1.9138e-04
6.3165e+04, 2.4789e-04
6.3282e+04, 3.6368e-04
6.3347e+04, 4.8531e-04
6.3412e+04, 7.0062e-04
6.3477e+04, 1.1286e-03
6.3509e+04, 1.5279e-03
6.3542e+04, 2.1911e-03
6.3561e+04, 2.8111e-03
6.3580e+04, 3.7460e-03
6.3599e+04, 5.2442e-03
6.3617e+04, 7.8651e-03
6.3628e+04, 1.0283e-02
6.3638e+04, 1.4009e-02
6.3644e+04, 1.6670e-02
6.3649e+04, 2.0145e-02
6.3654e+04, 2.4788e-02
6.3659e+04, 3.1157e-02
6.3662e+04, 3.5738e-02
6.3665e+04, 4.1319e-02
6.3668e+04, 4.8195e-02
6.3671e+04, 5.6720e-02
6.3674e+04, 6.7325e-02
6.3677e+04, 8.0482e-02
6.3679e+04, 9.6619e-02
6.3682e+04, 1.1593e-01
6.3686e+04, 1.4864e-01
6.3691e+04, 1.8275e-01
6.3693e+04, 1.9779e-01
6.3695e+04, 2.0969e-01
6.3697e+04, 2.1740e-01
6.3699e+04, 2.2005e-01
6.3701e+04, 2.1858e-01
6.3702e+04, 2.1427e-01
6.3705e+04, 1.9839e-01
6.3708e+04, 1.7568e-01
6.3711e+04, 1.5035e-01
6.3714e+04, 1.2561e-01
6.3717e+04, 1.0369e-01
6.3721e+04, 8.5261e-02
6.3724e+04, 7.0380e-02
6.3727e+04, 5.7275e-02
6.3730e+04, 4.7171e-02
6.3734e+04, 3.9345e-02
6.3737e+04, 3.3239e-02
6.3741e+04, 2.8388e-02
6.3744e+04, 2.4499e-02
6.3751e+04, 1.8759e-02
6.3758e+04, 1.4955e-02
6.3764e+04, 1.2191e-02
6.3771e+04, 1.0120e-02
6.3777e+04, 8.5323e-03
6.3790e+04, 6.3010e-03
6.3804e+04, 4.8456e-03
6.3826e+04, 3.3123e-03
6.3849e+04, 2.4100e-03
6.3871e+04, 1.8348e-03
6.3894e+04, 1.4467e-03
6.3949e+04, 9.0146e-04
6.4004e+04, 6.2113e-04
6.4059e+04, 4.5893e-04
6.4114e+04, 3.5729e-04
6.4194e+04, 2.6456e-04
6.4274e+04, 2.0757e-04
6.4434e+04, 1.4387e-04
6.4594e+04, 1.1052e-04
6.4754e+04, 9.0760e-05
6.5024e+04, 7.1750e-05
6.5294e+04, 6.0836e-05
6.5834e+04, 4.9544e-05
6.6914e+04, 4.0397e-05
6.8194e+04, 3.7701e-05
7.0354e+04, 4.2940e-05
7.1434e+04, 5.1572e-05
7.2514e+04, 7.3436e-05
7.3034e+04, 1.0296e-04
7.3294e+04, 1.3878e-04
7.3424e+04, 1.7511e-04
7.3554e+04, 2.4389e-04
7.3624e+04, 3.1763e-04
7.3694e+04, 4.6124e-04
7.3729e+04, 5.7088e-04
7.3764e+04, 7.5862e-04
7.3799e+04, 1.0635e-03
7.3834e+04, 1.6869e-03
7.3856e+04, 2.4308e-03
7.3878e+04, 3.8919e-03
7.3889e+04, 5.2106e-03
7.3900e+04, 7.3472e-03
7.3911e+04, 1.1275e-02
7.3916e+04, 1.4593e-02
7.3922e+04, 1.9700e-02
7.3927e+04, 2.7390e-02
7.3929e+04, 3.3216e-02
7.3932e+04, 4.1343e-02
7.3934e+04, 5.3224e-02
7.3935e+04, 6.1315e-02
7.3937e+04, 7.1428e-02
7.3938e+04, 8.4162e-02
7.3939e+04, 1.0025e-01
7.3940e+04, 1.2056e-01
7.3942e+04, 1.4605e-01
7.3943e+04, 1.7355e-01
7.3944e+04, 2.0611e-01
7.3945e+04, 2.4479e-01
7.3946e+04, 2.8908e-01
7.3947e+04, 3.3965e-01
7.3948e+04, 3.9497e-01
7.3950e+04, 5.1599e-01
7.3952e+04, 6.0925e-01
7.3954e+04, 6.9309e-01
7.3955e+04, 7.5733e-01
7.3957e+04, 7.9316e-01
7.3958e+04, 7.9894e-01
7.3960e+04, 7.8199e-01
7.3961e+04, 7.3360e-01
7.3963e+04, 6.6052e-01
7.3965e+04, 5.7215e-01
7.3968e+04, 3.6291e-01
7.3970e+04, 2.7505e-01
7.3971e+04, 2.3768e-01
7.3972e+04, 2.0515e-01
7.3973e+04, 1.7301e-01
7.3974e+04, 1.4606e-01
7.3975e+04, 1.2371e-01
7.3976e+04, 1.0548e-01
7.3978e+04, 9.0406e-02
7.3979e+04, 7.8199e-02
7.3980e+04, 6.8114e-02
7.3981e+04, 5.9906e-02
7.3983e+04, 4.7411e-02
7.3985e+04, 3.8604e-02
7.3987e+04, 3.2169e-02
7.3989e+04, 2.7304e-02
7.3992e+04, 2.2105e-02
7.3996e+04, 1.8316e-02
7.4002e+04, 1.3240e-02
7.4008e+04, 1.0058e-02
7.4014e+04, 7.9165e-03
7.4027e+04, 5.2936e-03
7.4039e+04, 3.8205e-03
7.4053e+04, 2.7853e-03
7.4068e+04, 2.1295e-03
7.4097e+04, 1.3936e-03
7.4126e+04, 1.0068e-03
7.4155e+04, 7.7773e-04
7.4212e+04, 5.4472e-04
7.4270e+04, 4.2852e-04
7.4358e+04, 3.5530e-04
7.4447e+04, 3.3523e-04
7.4568e+04, 3.5343e-04
7.4689e+04, 4.1440e-04
7.4810e+04, 5.3072e-04
7.4871e+04, 6.2203e-04
7.4931e+04, 7.4647e-04
7.4997e+04, 9.4316e-04
7.5030e+04, 1.0779e-03
7.5063e+04, 1.2465e-03
7.5097e+04, 1.4628e-03
7.5130e+04, 1.7433e-03
7.5196e+04, 2.6278e-03
7.5212e+04, 2.9544e-03
7.5220e+04, 3.1420e-03
7.5229e+04, 3.3479e-03
7.5237e+04, 3.5745e-03
7.5245e+04, 3.8236e-03
7.5253e+04, 4.0977e-03
7.5262e+04, 4.4022e-03
7.5269e+04, 4.7119e-03
7.5277e+04, 5.0535e-03
7.5284e+04, 5.4318e-03
7.5292e+04, 5.8507e-03
7.5300e+04, 6.3167e-03
7.5303e+04, 6.5690e-03
7.5307e+04, 6.8348e-03
7.5311e+04, 7.1161e-03
7.5315e+04, 7.4126e-03
7.5319e+04, 7.7267e-03
7.5322e+04, 8.0580e-03
7.5326e+04, 8.4026e-03
7.5330e+04, 8.7667e-03
7.5334e+04, 9.1515e-03
7.5337e+04, 9.5571e-03
7.5341e+04, 9.9868e-03
7.5345e+04, 1.0440e-02
7.5348e+04, 1.0919e-02
7.5352e+04, 1.1424e-02
7.5356e+04, 1.1958e-02
7.5360e+04, 1.2520e-02
7.5363e+04, 1.3113e-02
7.5367e+04, 1.3735e-02
7.5371e+04, 1.4389e-02
7.5374e+04, 1.5073e-02
7.5382e+04, 1.6535e-02
7.5386e+04, 1.7441e-02
7.5390e+04, 1.8383e-02
7.5395e+04, 1.9355e-02
7.5399e+04, 2.0348e-02
7.5408e+04, 2.2363e-02
7.5416e+04, 2.4324e-02
7.5434e+04, 2.7524e-02
7.5442e+04, 2.8454e-02
7.5451e+04, 2.8774e-02
7.5458e+04, 2.8530e-02
7.5466e+04, 2.7829e-02
7.5473e+04, 2.6735e-02
7.5481e+04, 2.5340e-02
7.5494e+04, 2.2395e-02
7.5507e+04, 1.9317e-02
7.5534e+04, 1.3922e-02
7.5560e+04, 1.0040e-02
7.5587e+04, 7.4104e-03
7.5606e+04, 6.0695e-03
7.5625e+04, 5.0429e-03
7.5644e+04, 4.2504e-03
7.5663e+04, 3.6269e-03
7.5701e+04, 2.7198e-03
7.5739e+04, 2.1146e-03
7.5775e+04, 1.7156e-03
7.5810e+04, 1.4224e-03
7.5846e+04, 1.2012e-03
7.5882e+04, 1.0327e-03
7.5953e+04, 7.8925e-04
7.6024e+04, 6.2976e-04
7.6105e+04, 5.0795e-04
7.6185e+04, 4.2427e-04
7.6347e+04, 3.2142e-04
7.6508e+04, 2.6317e-04
7.6670e+04, 2.2908e-04
7.6936e+04, 2.0118e-04
7.7202e+04, 1.9139e-04
7.7506e+04, 1.9476e-04
7.7810e+04, 2.0972e-04
7.8208e+04, 2.4764e-04
7.8607e+04, 3.1285e-04
7.8807e+04, 3.6145e-04
7.9006e+04, 4.2486e-04
7.9206e+04, 5.1215e-04
7.9405e+04, 6.3081e-04
7.9510e+04, 7.1371e-04
7.9614e+04, 8.1373e-04
7.9719e+04, 9.3696e-04
7.9823e+04, 1.0926e-03
7.9928e+04, 1.2859e-03
8.0032e+04, 1.5365e-03
8.0084e+04, 1.6845e-03
8.0137e+04, 1.8595e-03
8.0241e+04, 2.2730e-03
8.0319e+04, 2.6647e-03
8.0397e+04, 3.1357e-03
8.0475e+04, 3.6938e-03
8.0554e+04, 4.3244e-03
8.0710e+04, 5.5799e-03
8.0749e+04, 5.8359e-03
8.0788e+04, 6.0161e-03
8.0866e+04, 6.1816e-03
8.0914e+04, 6.1055e-03
8.0962e+04, 5.9126e-03
8.1011e+04, 5.6308e-03
8.1059e+04, 5.2837e-03
8.1252e+04, 3.7284e-03
8.1348e+04, 3.0698e-03
8.1445e+04, 2.5453e-03
8.1541e+04, 2.1309e-03
8.1638e+04, 1.8107e-03
8.1740e+04, 1.5625e-03
8.1843e+04, 1.3829e-03
8.1946e+04, 1.2691e-03
8.2048e+04, 1.2270e-03
8.2189e+04, 1.3651e-03
8.2259e+04, 1.6179e-03
8.2329e+04, 2.2264e-03
8.2357e+04, 2.6896e-03
8.2385e+04, 3.4288e-03
8.2413e+04, 4.6901e-03
8.2441e+04, 7.0766e-03
8.2453e+04, 8.9464e-03
8.2466e+04, 1.1785e-02
8.2479e+04, 1.6368e-02
8.2486e+04, 1.9790e-02
8.2492e+04, 2.4430e-02
8.2499e+04, 3.1678e-02
8.2502e+04, 3.6593e-02
8.2506e+04, 4.2751e-02
8.2509e+04, 5.0582e-02
8.2513e+04, 6.0694e-02
8.2516e+04, 7.3948e-02
8.2520e+04, 9.1514e-02
8.2523e+04, 1.1097e-01
8.2526e+04, 1.3558e-01
8.2529e+04, 1.6606e-01
8.2532e+04, 2.0225e-01
8.2538e+04, 2.8455e-01
8.2541e+04, 3.2176e-01
8.2544e+04, 3.4826e-01
8.2545e+04, 3.5639e-01
8.2547e+04, 3.5913e-01
8.2550e+04, 3.5237e-01
8.2552e+04, 3.3323e-01
8.2555e+04, 3.0460e-01
8.2557e+04, 2.7035e-01
8.2562e+04, 1.9974e-01
8.2565e+04, 1.6849e-01
8.2567e+04, 1.4164e-01
8.2570e+04, 1.1744e-01
8.2573e+04, 9.7908e-02
8.2576e+04, 8.2310e-02
8.2579e+04, 6.9905e-02
8.2581e+04, 5.9924e-02
8.2584e+04, 5.1863e-02
8.2587e+04, 4.5290e-02
8.2590e+04, 3.9891e-02
8.2595e+04, 3.2173e-02
8.2600e+04, 2.6499e-02
8.2605e+04, 2.2209e-02
8.2610e+04, 1.8894e-02
8.2620e+04, 1.4184e-02
8.2630e+04, 1.1082e-02
8.2642e+04, 8.6897e-03
8.2653e+04, 7.0183e-03
8.2676e+04, 4.9073e-03
8.2699e+04, 3.6851e-03
8.2722e+04, 2.9012e-03
8.2754e+04, 2.2227e-03
8.2785e+04, 1.7919e-03
8.2848e+04, 1.2970e-03
8.2911e+04, 1.0269e-03
8.2973e+04, 8.6437e-04
8.3106e+04, 6.7972e-04
8.3239e+04, 5.8924e-04
8.3505e+04, 5.2313e-04
8.3829e+04, 5.7096e-04
8.3992e+04, 6.8216e-04
8.4073e+04, 7.9219e-04
8.4154e+04, 9.9279e-04
8.4198e+04, 1.1808e-03
8.4242e+04, 1.4718e-03
8.4287e+04, 1.9865e-03
8.4309e+04, 2.4034e-03
8.4331e+04, 3.0114e-03
8.4351e+04, 3.8713e-03
8.4371e+04, 5.2653e-03
8.4392e+04, 7.6907e-03
8.4402e+04, 9.6111e-03
8.4407e+04, 1.0869e-02
8.4412e+04, 1.2398e-02
8.4416e+04, 1.3725e-02
8.4419e+04, 1.5266e-02
8.4422e+04, 1.6713e-02
8.4425e+04, 1.8363e-02
8.4428e+04, 2.0249e-02
8.4431e+04, 2.2409e-02
8.4434e+04, 2.4888e-02
8.4436e+04, 2.6261e-02
8.4437e+04, 2.7730e-02
8.4439e+04, 2.9301e-02
8.4440e+04, 3.0980e-02
8.4442e+04, 3.2770e-02
8.4443e+04, 3.4663e-02
8.4445e+04, 3.6451e-02
8.4446e+04, 3.8318e-02
8.4447e+04, 4.0291e-02
8.4449e+04, 4.2339e-02
8.4451e+04, 4.6699e-02
8.4454e+04, 5.1333e-02
8.4457e+04, 5.6130e-02
8.4459e+04, 6.0931e-02
8.4462e+04, 6.5524e-02
8.4465e+04, 6.9648e-02
8.4469e+04, 7.5073e-02
8.4474e+04, 7.7039e-02
8.4477e+04, 7.6148e-02
8.4480e+04, 7.3588e-02
8.4483e+04, 6.9626e-02
8.4487e+04, 6.4683e-02
8.4491e+04, 5.6293e-02
8.4496e+04, 4.7889e-02
8.4505e+04, 3.3700e-02
8.4515e+04, 2.3914e-02
8.4524e+04, 1.7523e-02
8.4531e+04, 1.4345e-02
8.4538e+04, 1.1958e-02
8.4544e+04, 1.0135e-02
8.4551e+04, 8.7203e-03
8.4565e+04, 6.7006e-03
8.4578e+04, 5.3711e-03
8.4593e+04, 4.3627e-03
8.4609e+04, 3.6830e-03
8.4639e+04, 2.8800e-03
8.4670e+04, 2.4814e-03
8.4700e+04, 2.3195e-03
8.4715e+04, 2.3040e-03
8.4747e+04, 2.3975e-03
8.4780e+04, 2.6898e-03
8.4812e+04, 3.2711e-03
8.4844e+04, 4.3622e-03
8.4862e+04, 5.3909e-03
8.4880e+04, 6.9727e-03
8.4898e+04, 9.5491e-03
8.4907e+04, 1.1465e-02
8.4916e+04, 1.4055e-02
8.4921e+04, 1.5889e-02
8.4926e+04, 1.8101e-02
8.4931e+04, 2.0801e-02
8.4936e+04, 2.4107e-02
8.4941e+04, 2.8195e-02
8.4946e+04, 3.3245e-02
8.4951e+04, 3.9494e-02
8.4956e+04, 4.7110e-02
8.4960e+04, 5.3921e-02
8.4963e+04, 6.1488e-02
8.4971e+04, 7.7814e-02
8.4978e+04, 9.1841e-02
8.4982e+04, 9.6041e-02
8.4986e+04, 9.7509e-02
8.4989e+04, 9.6344e-02
8.4992e+04, 9.3931e-02
8.4994e+04, 9.0377e-02
8.5000e+04, 8.0797e-02
8.5010e+04, 5.8662e-02
8.5015e+04, 4.8861e-02
8.5020e+04, 4.0619e-02
8.5025e+04, 3.3905e-02
8.5031e+04, 2.8512e-02
8.5036e+04, 2.3678e-02
8.5042e+04, 1.9913e-02
8.5048e+04, 1.6943e-02
8.5054e+04, 1.4584e-02
8.5066e+04, 1.1144e-02
8.5077e+04, 8.8096e-03
8.5089e+04, 7.1584e-03
8.5101e+04, 5.9569e-03
8.5124e+04, 4.3692e-03
8.5148e+04, 3.4064e-03
8.5171e+04, 2.7738e-03
8.5202e+04, 2.2329e-03
8.5232e+04, 1.8819e-03
8.5294e+04, 1.4773e-03
8.5355e+04, 1.2652e-03
8.5416e+04, 1.1511e-03
8.5589e+04, 1.0603e-03
8.5690e+04, 1.0878e-03
8.5791e+04, 1.1547e-03
8.5892e+04, 1.2530e-03
8.5992e+04, 1.3857e-03
8.6093e+04, 1.5517e-03
8.6194e+04, 1.7721e-03
8.6295e+04, 2.0532e-03
8.6396e+04, 2.4140e-03
8.6481e+04, 2.8058e-03
8.6566e+04, 3.2891e-03
8.6651e+04, 3.9080e-03
8.6736e+04, 4.6769e-03
8.6822e+04, 5.6547e-03
8.6864e+04, 6.2174e-03
8.6907e+04, 6.8431e-03
8.6992e+04, 8.2592e-03
8.7077e+04, 9.7703e-03
8.7132e+04, 1.0701e-02
8.7187e+04, 1.1479e-02
8.7242e+04, 1.1995e-02
8.7297e+04, 1.2165e-02
8.7339e+04, 1.2024e-02
8.7381e+04, 1.1684e-02
8.7423e+04, 1.1188e-02
8.7465e+04, 1.0563e-02
8.7633e+04, 7.6208e-03
8.7717e+04, 6.3156e-03
8.7801e+04, 5.2193e-03
8.7885e+04, 4.3427e-03
8.7969e+04, 3.6317e-03
8.8057e+04, 3.0554e-03
8.8144e+04, 2.5901e-03
8.8231e+04, 2.2232e-03
8.8318e+04, 1.9222e-03
8.8405e+04, 1.6799e-03
8.8493e+04, 1.4775e-03
8.8667e+04, 1.1706e-03
8.8841e+04, 9.5325e-04
8.9016e+04, 7.8872e-04
8.9190e+04, 6.6764e-04
8.9364e+04, 5.7202e-04
8.9713e+04, 4.3870e-04
9.0062e+04, 3.5191e-04
9.0585e+04, 2.7142e-04
9.1108e+04, 2.2497e-04
9.2154e+04, 1.9215e-04
9.2590e+04, 1.9934e-04
9.3026e+04, 2.2323e-04
9.3461e+04, 2.7410e-04
9.3679e+04, 3.1812e-04
9.3897e+04, 3.8381e-04
9.4086e+04, 4.7186e-04
9.4275e+04, 6.0541e-04
9.4464e+04, 8.3438e-04
9.4653e+04, 1.2795e-03
9.4704e+04, 1.4763e-03
9.4755e+04, 1.7326e-03
9.4805e+04, 2.0744e-03
9.4831e+04, 2.2906e-03
9.4856e+04, 2.5478e-03
9.4878e+04, 2.8103e-03
9.4900e+04, 3.1149e-03
9.4922e+04, 3.4848e-03
9.4943e+04, 3.9326e-03
9.4954e+04, 4.1931e-03
9.4965e+04, 4.4828e-03
9.4976e+04, 4.8064e-03
9.4987e+04, 5.1688e-03
9.4998e+04, 5.5776e-03
9.5009e+04, 6.0399e-03
9.5020e+04, 6.5660e-03
9.5031e+04, 7.1629e-03
9.5041e+04, 7.7891e-03
9.5051e+04, 8.5091e-03
9.5061e+04, 9.3378e-03
9.5071e+04, 1.0297e-02
9.5081e+04, 1.1413e-02
9.5091e+04, 1.2721e-02
9.5101e+04, 1.4265e-02
9.5111e+04, 1.6096e-02
9.5121e+04, 1.8304e-02
9.5126e+04, 1.9572e-02
9.5131e+04, 2.0963e-02
9.5136e+04, 2.2498e-02
9.5141e+04, 2.4185e-02
9.5146e+04, 2.6048e-02
9.5151e+04, 2.8099e-02
9.5156e+04, 3.0364e-02
9.5161e+04, 3.2852e-02
9.5166e+04, 3.5593e-02
9.5171e+04, 3.8588e-02
9.5176e+04, 4.1858e-02
9.5181e+04, 4.5393e-02
9.5191e+04, 5.3212e-02
9.5213e+04, 7.1734e-02
9.5225e+04, 7.8487e-02
9.5230e+04, 8.0369e-02
9.5236e+04, 8.1018e-02
9.5244e+04, 7.9878e-02
9.5249e+04, 7.7468e-02
9.5255e+04, 7.3972e-02
9.5267e+04, 6.4915e-02
9.5291e+04, 4.5711e-02
9.5303e+04, 3.7853e-02
9.5315e+04, 3.1466e-02
9.5327e+04, 2.6372e-02
9.5338e+04, 2.2340e-02
9.5346e+04, 2.0119e-02
9.5354e+04, 1.8213e-02
9.5370e+04, 1.5154e-02
9.5386e+04, 1.2854e-02
9.5402e+04, 1.1116e-02
9.5418e+04, 9.7578e-03
9.5434e+04, 8.6897e-03
9.5450e+04, 7.8463e-03
9.5465e+04, 7.1752e-03
9.5487e+04, 6.4845e-03
9.5508e+04, 5.9710e-03
9.5529e+04, 5.5906e-03
9.5550e+04, 5.3131e-03
9.5571e+04, 5.1193e-03
9.5592e+04, 4.9887e-03
9.5613e+04, 4.9108e-03
9.5634e+04, 4.8768e-03
9.5665e+04, 4.8912e-03
9.5696e+04, 4.9636e-03
9.5727e+04, 5.0773e-03
9.5758e+04, 5.2157e-03
9.5789e+04, 5.3607e-03
9.5820e+04, 5.4913e-03
9.5882e+04, 5.6605e-03
9.5938e+04, 5.6157e-03
9.5966e+04, 5.5184e-03
9.5994e+04, 5.3618e-03
9.6023e+04, 5.1728e-03
9.6051e+04, 4.9400e-03
9.6107e+04, 4.4174e-03
9.6180e+04, 3.7075e-03
9.6254e+04, 3.0615e-03
9.6400e+04, 2.0849e-03
9.6547e+04, 1.4693e-03
9.6693e+04, 1.0759e-03
9.6802e+04, 8.7678e-04
9.6911e+04, 7.2811e-04
9.7019e+04, 6.1448e-04
9.7128e+04, 5.2712e-04
9.7346e+04, 3.9942e-04
9.7563e+04, 3.1478e-04
9.7781e+04, 2.5598e-04
9.7998e+04, 2.1319e-04
9.8434e+04, 1.5648e-04
9.8869e+04, 1.2085e-04
9.9304e+04, 9.7205e-05
9.9652e+04, 8.3697e-05
9.9826e+04, 7.8010e-05
9.9913e+04, 7.5466e-05
9.9956e+04, 7.4193e-05
9.9967e+04, 7.3904e-05
9.9973e+04, 7.4431e-05
9.9978e+04, 8.4039e-05
9.9981e+04, 1.0657e-04
9.9982e+04, 1.2951e-04
9.9984e+04, 1.6548e-04
9.9985e+04, 2.1996e-04
9.9986e+04, 2.9967e-04
9.9989e+04, 5.6627e-04
9.9992e+04, 1.0283e-03
9.9994e+04, 1.7270e-03
1.0000e+05, 3.7059e-03
1.0000e+05, 7.4184e-03
1.0500e+05, 7.3460e-03
1.1000e+05, 7.2737e-03
1.2000e+05, 7.1694e-03
1.2500e+05, 7.1173e-03
1.3000e+05, 7.2211e-03
1.3500e+05, 7.2067e-03
1.4000e+05, 7.1923e-03
1.4107e+05, 7.1893e-03
1.5000e+05, 7.1636e-03
1.5500e+05, 7.1492e-03
1.6000e+05, 7.1357e-03
1.7000e+05, 7.1086e-03
1.7500e+05, 7.0951e-03
1.8000e+05, 7.0816e-03
1.8500e+05, 7.0681e-03
1.9000e+05, 7.0545e-03
1.9500e+05, 7.0410e-03
2.0000e+05, 7.0275e-03
2.1000e+05, 7.0004e-03
2.2000e+05, 6.9403e-03
2.3000e+05, 6.9159e-03
2.4000e+05, 6.8915e-03
2.5000e+05, 6.8671e-03
2.6000e+05, 6.8550e-03
2.7000e+05, 6.8428e-03
2.8000e+05, 6.8307e-03
2.9000e+05, 6.8186e-03
3.0000e+05, 6.8163e-03
3.1000e+05, 6.8140e-03
3.2000e+05, 6.8117e-03
3.3000e+05, 6.8093e-03
3.4000e+05, 6.8070e-03
3.5000e+05, 6.8047e-03
3.6000e+05, 6.5792e-03
3.7000e+05, 6.5995e-03
3.8000e+05, 6.6509e-03
3.9000e+05, 6.6840e-03
4.0000e+05, 6.8201e-03
4.1000e+05, 6.8292e-03
4.2000e+05, 6.8382e-03
4.3000e+05, 6.8472e-03
4.4000e+05, 6.8562e-03
4.5000e+05, 6.8652e-03
4.6000e+05, 6.8742e-03
4.7000e+05, 6.8832e-03
4.8000e+05, 6.9000e-03
4.9000e+05, 6.9168e-03
5.0000e+05, 6.9336e-03
5.2000e+05, 6.9672e-03
5.3000e+05, 6.9840e-03
5.4000e+05, 7.0084e-03
5.5000e+05, 7.0328e-03
5.6000e+05, 7.0572e-03
5.7000e+05, 7.0816e-03
5.8000e+05, 7.1060e-03
6.0000e+05, 7.1694e-03
6.2000e+05, 7.2328e-03
6.4000e+05, 7.2962e-03
6.6000e+05, 7.3770e-03
6.8000e+05, 7.4579e-03
7.0000e+05, 7.5387e-03
7.0041e+05, 7.5407e-03
7.2000e+05, 7.6382e-03
7.4000e+05, 7.7377e-03
7.6000e+05, 7.8372e-03
7.7000e+05, 7.8869e-03
7.8000e+05, 7.9436e-03
8.0000e+05, 8.0569e-03
8.2000e+05, 8.1892e-03
8.4000e+05, 8.3215e-03
8.5848e+05, 8.4438e-03
8.6000e+05, 8.4538e-03
8.6419e+05, 8.4816e-03
8.7120e+05, 8.5279e-03
8.7120e+05, 8.5279e-03
8.8000e+05, 8.5861e-03
9.4000e+05, 9.0297e-03
9.5518e+05, 9.1584e-03
9.6000e+05, 9.1992e-03
1.0000e+06, 9.5383e-03
1.0500e+06, 9.9898e-03
1.1000e+06, 1.0507e-02
1.1038e+06, 1.0546e-02
1.1500e+06, 1.1024e-02
1.2000e+06, 1.1625e-02
1.2183e+06, 1.1845e-02
1.2493e+06, 1.2217e-02
1.2500e+06, 1.2226e-02
1.2833e+06, 1.2676e-02
1.3000e+06, 1.2902e-02
1.3140e+06, 1.3091e-02
1.3500e+06, 1.3593e-02
1.3950e+06, 1.4273e-02
1.3980e+06, 1.4319e-02
1.4000e+06, 1.4349e-02
1.4500e+06, 1.5135e-02
1.4761e+06, 1.5545e-02
1.5000e+06, 1.5958e-02
1.5300e+06, 1.6476e-02
1.5983e+06, 1.7656e-02
1.5983e+06, 1.7656e-02
1.6000e+06, 1.7685e-02
1.7689e+06, 1.6352e-02
1.7689e+06, 1.6351e-02
1.8000e+06, 1.6106e-02
1.9000e+06, 1.4057e-02
1.9171e+06, 1.3060e-02
1.9171e+06, 1.3060e-02
2.0000e+06, 8.2315e-03
2.0730e+06, 7.4147e-03
2.2492e+06, 6.9354e-03
2.2860e+06, 6.8354e-03
2.3000e+06, 6.7486e-03
2.4000e+06, 6.4454e-03
2.4644e+06, 6.2120e-03
2.4644e+06, 6.2120e-03
2.5000e+06, 6.0830e-03
2.6000e+06, 5.5736e-03
2.9000e+06, 4.4768e-03
3.0000e+06, 4.1644e-03
3.2000e+06, 3.4573e-03
3.4000e+06, 3.1032e-03
3.6000e+06, 2.9513e-03
3.8000e+06, 2.6852e-03
4.0000e+06, 2.5563e-03
4.2000e+06, 2.3643e-03
4.4000e+06, 2.2490e-03
4.5000e+06, 2.2024e-03
4.6000e+06, 2.0850e-03
4.8000e+06, 1.9493e-03
5.0000e+06, 1.7751e-03
5.0435e+06, 1.7425e-03
5.2000e+06, 1.6253e-03
5.4000e+06, 1.4755e-03
5.5000e+06, 1.4043e-03
5.6000e+06, 1.3541e-03
5.8000e+06, 1.2593e-03
6.0000e+06, 1.1469e-03
6.3844e+06, 9.8482e-04
6.5080e+06, 9.3273e-04
6.8000e+06, 8.0966e-04
7.0000e+06, 7.2820e-04
7.0436e+06, 7.1714e-04
7.2700e+06, 6.5973e-04
7.9366e+06, 4.9849e-04
7.9366e+06, 4.9849e-04
8.0000e+06, 4.8316e-04
8.6000e+06, 3.8122e-04
9.0000e+06, 3.3439e-04
9.3998e+06, 3.0239e-04
9.5000e+06, 2.9437e-04
1.0000e+07, 2.7595e-04
1.0075e+07, 2.7504e-04
1.0200e+07, 2.7352e-04
1.1000e+07, 2.8997e-04
1.1600e+07, 3.2836e-04
1.2000e+07, 3.6169e-04
1.2400e+07, 4.0657e-04
1.2427e+07, 4.0964e-04
1.3000e+07, 4.7390e-04
1.3500e+07, 5.1416e-04
1.4000e+07, 5.6244e-04
1.4468e+07, 5.8880e-04
1.4468e+07, 5.8880e-04
1.4500e+07, 5.9062e-04
1.5000e+07, 5.9847e-04
1.6000e+07, 5.8071e-04
1.7000e+07, 4.8502e-04
1.8000e+07, 3.8441e-04
1.9000e+07, 2.7203e-04
2.0000e+07, 1.9765e-04
